10001100001 1 15.6
11000011101 1 17.3
11100010111 1 17.3
00110011100 1 17.3
01110001010 1 17.3
11100000101 1 15.6
10001011111 1 15.6
00101111011 1 17.3
01101100111 1 17.3
11000010110 1 19.0
11100111000 1 13.8
01100000011 1 15.6
01111111100 1 12.1
01100011100 1 15.6
00001110111 1 13.8
00010011100 1 15.6
11001111000 1 15.6
00001010111 1 13.8
00100000100 1 13.8
11001110001 1 17.3
01000000111 1 15.6
00111110010 1 17.3
01101110100 1 17.3
00011100111 1 13.8
00111100010 1 17.3
00100111101 1 19.0
11101110000 1 13.8
00101110111 1 13.8
00011101101 1 17.3
10110100111 1 17.3
01001111100 1 17.3
00101111110 1 13.8
01010000111 1 15.6
10110000111 1 17.3
11110011000 1 15.6
10011000111 1 15.6
00010000011 1 13.8
10110100000 1 15.6
00001111011 1 15.6
10111100000 1 15.6
00000000001 1 8.6
10100000001 1 13.8
01111110001 1 13.8
11010000110 1 17.3
11001001001 1 13.8
01100110010 1 15.6
00000011001 1 15.6
11110111000 1 13.8
11000111010 1 17.3
10100100111 1 15.6
00100111011 1 17.3
00111110000 1 13.8
11100011100 1 13.8
10000000000 1 8.6
11000011000 1 13.8
00101111111 1 12.1
01100011110 1 17.3
10001110010 1 19.0
00010001111 1 13.8
00011100000 1 13.8
11111100001 1 12.1
11100000110 1 15.6
00110000111 1 15.6
00111000011 1 15.6
00000001011 1 12.1
10000111001 1 17.3
10000001011 1 13.8
00001110011 1 15.6
00011000000 1 13.8
00011111101 1 15.6
01110000101 1 17.3
00111110011 1 15.6
11001111100 1 15.6
01111000011 1 15.6
11110010100 1 15.6
00110111101 1 17.3
00111011111 1 13.8
00000110111 1 13.8
00110111110 1 15.6
00011110100 1 15.6
11010011100 1 17.3
01111100001 1 13.8
10110010001 1 19.0
11100110000 1 15.6
00011101001 1 17.3
00011100110 1 15.6
11100001100 1 15.6
11010000001 1 13.8
00011110010 1 17.3
00110001101 1 15.6
10000100111 1 17.3
01110000011 1 15.6
00000111011 1 15.6
01011111000 1 15.6
11001100011 1 17.3
10110111100 1 15.6
11001100000 1 15.6
11110100001 1 15.6
00111100100 1 17.3
01001100111 1 15.6
01100011101 1 17.3
00101101110 1 17.3
00001100111 1 15.6
10000100101 1 15.6
00011100101 1 17.3
01010001111 1 15.6
11000001000 1 13.8
10011011100 1 17.3
00111101100 1 15.6
10111110000 1 15.6
00001110100 1 15.6
00101111100 1 15.6
10111101100 1 17.3
11100000010 1 15.6
01110000111 1 15.6
00100101111 1 13.8
00000000101 1 12.1
11011000000 1 13.8
00000000110 1 12.1
01011100110 1 17.3
00110111000 1 15.6
11011100001 1 17.3
10110111001 1 19.0
11011000001 1 15.6
00100000010 1 17.3
00110001111 1 15.6
01011100100 1 17.3
00000111001 1 15.6
10011000000 1 15.6
11000111000 1 13.8
11010011101 1 17.3
00101110011 1 17.3
11111000111 1 13.8
00011111010 1 15.6
00111000101 1 17.3
10010110001 1 19.0
00111111001 1 15.6
00111001110 1 13.8
11111001110 2 15.6
11000001110 2 15.6
00111111110 2 12.1
00000111100 2 13.8
00100001111 2 15.6
00101111000 2 15.6
00100111100 2 17.3
11000001011 2 15.6
00000010111 2 13.8
01111111000 2 12.1
10100111011 2 17.3
11111101000 2 13.8
11110000010 2 15.6
00000011110 2 12.1
00010011110 2 15.6
01100110000 2 15.6
00111100111 2 13.8
00001111001 2 15.6
00000100111 2 15.6
00111111100 2 13.8
00000111000 2 13.8
11100001111 2 13.8
10000011111 2 12.1
11001000000 2 13.8
00001110110 2 17.3
00010010111 2 13.8
01110010001 2 17.3
10001101110 2 17.3
11110000100 2 15.6
01110000000 2 12.1
00011111110 2 12.1
11101000001 2 15.6
01000001111 2 15.6
00001111000 2 13.8
00100111111 2 13.8
00111101000 2 17.3
11111010000 2 13.8
00011110111 2 15.6
11100001110 2 15.6
00011110011 3 15.6
00000110011 3 15.6
00000111110 3 12.1
11100000001 3 12.1
00010011111 3 13.8
11100010000 3 13.8
11111111000 3 10.4
00011001111 3 15.6
00111111111 3 10.4
11100000011 3 13.8
11110010000 3 15.6
10000001111 3 12.1
11110000001 3 12.1
00010111111 3 13.8
00001101111 3 15.6
00001111101 3 15.6
00111000111 3 13.8
11101000000 3 13.8
00101101111 3 15.6
11000000111 3 13.8
00011110000 3 13.8
01000011111 4 15.6
00011011111 4 15.6
11110100000 4 13.8
00011101100 4 15.6
00000111101 4 15.6
11000000011 4 13.8
00111100000 4 13.8
00011111000 4 13.8
00011101111 5 13.8
01111100000 5 12.1
00001111110 5 12.1
10000111111 5 12.1
01111000000 5 12.1
10000000111 6 12.1
11100000111 6 13.8
00111111000 6 13.8
11111000001 6 12.1
00011111100 7 13.8
00001011111 7 13.8
00000101111 7 13.8
01111110000 9 12.1
11100000000 9 10.4
00000000111 9 10.4
11110000011 10 13.8
00000001111 14 10.4
00011111111 15 10.4
11111110000 15 10.4
00001111100 18 13.8
11111100000 23 10.4
11110000000 28 10.4
00001111111 28 10.4
11111000000 34 10.4
00000011111 42 10.4
00000111111 56 10.4