1001010111 1 14.9
0000001100 1 13.3
0111100011 1 14.9
0001010011 1 14.9
0110011101 1 16.6
0000101111 1 13.3
0111000100 1 16.6
1101011110 1 13.3
0100010011 1 16.6
1010111011 1 14.9
0011101100 1 14.9
0100101111 1 14.9
0000110111 1 13.3
0110110000 1 14.9
1111000011 1 13.3
1101001101 1 14.9
1100010101 1 13.3
1110110011 1 14.9
0011111100 1 13.3
1101100010 1 14.9
0111111011 1 13.3
1111101000 1 13.3
1011001110 1 18.3
1100011010 1 16.6
1110111001 1 14.9
0100001111 1 14.9
1101001110 1 16.6
1110011000 1 13.3
0100111010 1 18.3
1101010100 1 10.0
0100011110 1 16.6
1010011100 1 16.6
0110100111 1 16.6
1011000110 1 16.6
0110000010 1 16.6
0000011001 1 14.9
1111100001 1 11.6
0010011100 1 14.9
1110010110 1 16.6
0100110000 1 16.6
0100111111 1 14.9
0110000111 1 14.9
0110011010 1 16.6
0000000101 1 11.6
0111111000 1 11.6
0011010111 1 14.9
0111110000 1 11.6
1100111110 1 13.3
0001011011 1 13.3
0000100010 1 11.6
1111100010 1 14.9
1100111101 1 16.6
0101010001 1 13.3
1011000101 1 18.3
0101100111 1 16.6
1110010000 1 14.9
0100110010 1 16.6
1100011110 1 14.9
1111101110 1 13.3
1110100000 1 13.3
0001010000 1 13.3
1101000101 1 14.9
0001110111 1 13.3
0100111101 1 18.3
0110111011 1 14.9
0100001110 1 16.6
1111110010 1 14.9
0001010100 1 11.6
1011111001 1 16.6
1111111010 1 11.6
1010100000 1 11.6
1011110010 1 18.3
1100111111 1 13.3
1101000000 1 11.6
0101000111 1 14.9
0001100100 1 14.9
1000110001 1 13.3
1000101000 1 14.9
1100000100 1 13.3
1001001100 1 16.6
0001010001 1 14.9
0100011111 1 14.9
1000101001 1 16.6
1101101010 1 13.3
0110111001 1 18.3
0001010101 1 11.6
0100101011 1 14.9
0000011000 1 13.3
0000001010 1 11.6
1100011101 1 14.9
0011101010 1 13.3
0000111010 1 14.9
0101001100 1 16.6
0001111101 1 14.9
0001101110 1 16.6
1000101101 1 16.6
1000010010 1 14.9
0000001011 1 11.6
1100000101 1 14.9
1001001111 1 14.9
1001111000 1 14.9
0011110001 1 14.9
0101101001 1 16.6
1011001100 1 14.9
0100000000 1 11.6
1000111110 1 13.3
1010000011 1 14.9
1000000100 1 13.3
0110001111 1 14.9
1010000001 1 13.3
0000010010 1 13.3
0100010010 1 16.6
0111101011 1 13.3
0000111111 1 10.0
0101111101 1 16.6
0000011010 1 14.9
0011111110 1 11.6
0000010100 1 11.6
0010000111 1 14.9
1000100110 1 16.6
1101001000 1 13.3
1111101100 1 13.3
1101000100 1 14.9
0000001000 1 11.6
0100011100 1 14.9
1010001010 1 14.9
1001111110 1 13.3
0101000011 1 14.9
0001000100 1 11.6
1100100100 1 11.6
1001001101 1 16.6
1110001111 1 13.3
1100001101 1 16.6
0100000101 1 16.6
1011010011 1 16.6
1010100011 1 13.3
1101011101 1 14.9
1101010001 1 13.3
1000010110 1 16.6
0110110011 1 16.6
1111111000 1 10.0
0110000101 1 16.6
0111100001 1 13.3
0111101101 1 14.9
0001111000 1 13.3
1110100010 1 14.9
0100010001 1 13.3
0001011010 1 14.9
0001110001 1 14.9
0110010101 1 16.6
1001111011 1 16.6
0111001001 1 16.6
1100010000 1 11.6
0010100011 1 13.3
1111000110 1 14.9
1101101101 1 11.6
0011100000 1 13.3
1100001000 1 13.3
0010001010 1 14.9
0101111110 1 13.3
0111101100 1 14.9
1101001111 1 14.9
1100010110 1 16.6
0101101011 1 13.3
0011110101 1 14.9
1100001100 1 14.9
0011000101 1 16.6
1001111001 1 16.6
1000000111 1 11.6
1110101001 1 14.9
0110000000 1 11.6
0101011110 1 13.3
0100010111 1 14.9
0110111110 1 14.9
0100111100 1 16.6
1101111011 1 13.3
0100001101 1 18.3
1011001001 1 16.6
0011111001 1 14.9
0001001011 1 13.3
1010010100 1 13.3
1111110111 1 11.6
1111000010 1 14.9
1011000111 1 14.9
1000110111 1 14.9
0111100111 1 13.3
0011101110 1 13.3
1110110111 1 10.0
1001101111 1 14.9
0010111011 1 14.9
1011000000 1 14.9
1011111101 1 16.6
1100011000 1 13.3
1100101001 1 16.6
0110001100 1 14.9
1010011001 1 16.6
1100100000 1 13.3
1001100000 1 14.9
1011100111 1 14.9
1101111000 1 14.9
0100000011 1 14.9
0110000100 1 16.6
1000000010 1 13.3
1011011100 1 14.9
0011110000 1 13.3
0101001001 1 14.9
1101110101 1 14.9
1010010110 1 16.6
1000101100 1 16.6
0001110110 1 16.6
1001010000 1 14.9
1010101011 1 10.0
1110111011 1 11.6
0000010110 1 14.9
0011000111 1 13.3
0100000010 1 16.6
0111101110 1 14.9
0000110001 1 13.3
1111100111 1 13.3
0111010111 1 14.9
1110010010 1 14.9
1010011111 1 14.9
1111100101 1 14.9
1111010100 1 11.6
0101111000 1 14.9
0101000000 1 11.6
1110111111 1 11.6
0101000101 1 14.9
1000011000 1 13.3
0111000001 1 13.3
1000111111 1 11.6
0101100101 1 16.6
0010101110 1 13.3
1111100011 1 13.3
1010111001 1 16.6
1010110111 1 13.3
1111001010 1 14.9
1001100001 1 14.9
1010010000 1 13.3
0100101010 1 14.9
0110011111 1 14.9
0100100000 1 13.3
0101010111 1 11.6
0100000110 1 16.6
1010011011 1 14.9
0110010000 1 14.9
1001101101 1 16.6
1101000111 1 14.9
0011110100 1 14.9
1001101100 1 16.6
1001110101 1 16.6
1011100000 1 14.9
1011000011 1 16.6
1000010111 1 14.9
1010111111 1 11.6
0000011110 1 11.6
0100010110 1 16.6
0011101111 1 11.6
1010010111 1 14.9
1001011100 1 16.6
0111110101 1 13.3
1001000010 1 16.6
0110000001 1 13.3
1110110101 1 13.3
1000100101 1 14.9
1110010111 1 14.9
0000001101 1 14.9
1111101101 1 13.3
0010111010 1 14.9
1000000101 1 13.3
0000011011 1 13.3
0011010000 1 14.9
1110010100 1 14.9
1110100100 1 13.3
0101111011 1 14.9
1011110110 1 16.6
1010001111 1 14.9
0001011101 1 14.9
1011011000 1 14.9
0001111110 1 11.6
1110000011 1 13.3
1000001100 1 13.3
1000001111 1 11.6
0100011011 1 14.9
1011100100 1 14.9
0001001110 1 14.9
0100101101 1 16.6
0001110011 1 13.3
1000010001 1 14.9
1110111101 1 14.9
1000101010 1 13.3
0100000111 1 14.9
0100100111 1 14.9
0111010001 1 16.6
1111100100 1 13.3
0010011000 1 14.9
0001111100 1 13.3
1111101010 1 11.6
0101100110 1 16.6
1000010011 1 14.9
0101110001 1 16.6
0000110010 1 16.6
1000110000 1 13.3
0010010001 1 13.3
1101101111 1 11.6
0111000101 1 16.6
1100101100 1 16.6
0001000011 1 13.3
0000000100 1 11.6
0101101111 1 13.3
0001000111 1 13.3
0110111111 1 13.3
1100001011 1 14.9
1100100110 1 16.6
0101110010 1 18.3
1101011011 1 13.3
1011101110 1 13.3
0110100010 1 16.6
1000000001 2 10.0
1100000010 2 14.9
1110000010 2 14.9
0110000011 2 14.9
1000011110 2 13.3
0001101010 2 14.9
0101001010 2 13.3
1101100110 2 14.9
1000110110 2 16.6
1000010100 2 13.3
1111110110 2 13.3
0101100000 2 14.9
1111001101 2 16.6
0010100111 2 14.9
1110001101 2 14.9
1101100001 2 14.9
1101110000 2 14.9
1011100001 2 16.6
0000000000 2 3.3
1100110100 2 14.9
1110111000 2 13.3
1001100010 2 16.6
0111111111 2 8.3
1110000000 2 10.0
1111101011 2 11.6
0101101101 2 13.3
1100001111 2 13.3
0111011111 2 13.3
1011010110 2 16.6
1001111111 2 11.6
0000011101 2 14.9
1100110101 2 16.6
0000111110 2 11.6
0010011111 2 13.3
1100110010 2 14.9
1010000100 2 14.9
1010000111 2 14.9
0000110000 2 13.3
1100110001 2 16.6
1011110101 2 16.6
0000000110 2 11.6
0100100001 2 14.9
0111101000 2 14.9
1110011110 2 13.3
0111100000 2 11.6
1101011111 2 11.6
0000000001 2 8.3
1101110011 2 16.6
1101111110 2 13.3
1011100011 2 14.9
0101000100 2 14.9
0010101011 2 10.0
0000011100 2 13.3
1101110100 2 14.9
0111100101 2 16.6
1110011100 2 13.3
0000100101 2 13.3
1011111110 2 13.3
1110110100 2 13.3
0001000001 2 13.3
1000001110 2 13.3
0100010100 2 14.9
1100011111 2 13.3
0000100001 2 11.6
0010011011 2 13.3
1011101100 2 16.6
0101111001 2 16.6
1111110011 2 13.3
0001011100 2 14.9
1100000110 2 14.9
1110010101 2 14.9
0100110001 2 18.3
0110110101 2 14.9
0111011000 2 16.6
1001111100 2 14.9
1011110111 2 14.9
1001101001 2 16.6
1101100100 2 13.3
1111100110 2 14.9
1100010011 2 14.9
1101110110 2 14.9
0111111110 2 10.0
0110010100 2 16.6
0101110011 3 16.6
0011111111 3 10.0
1011111011 3 14.9
1110101111 3 13.3
1000111000 3 14.9
1101101100 3 11.6
0011100110 3 14.9
1111111011 3 11.6
0001111111 3 10.0
1111111101 3 11.6
1100000000 3 10.0
0010000000 3 11.6
1110000101 3 14.9
1111000101 3 14.9
1111110100 3 11.6
0111011001 3 16.6
0111011010 3 14.9
1101001010 3 13.3
0101011010 3 13.3
0100010101 3 14.9
1101111111 3 11.6
0000001111 3 10.0
1110101011 3 11.6
1111001011 3 14.9
1110011111 3 13.3
1110001011 3 14.9
1011110001 4 16.6
1010111110 4 13.3
1111110000 4 10.0
0000010011 4 13.3
1111000000 4 10.0
0011001111 4 14.9
1100000111 4 13.3
1011111111 4 11.6
1111011001 4 14.9
0000000011 4 10.0
0000000111 4 10.0
0001001001 4 11.6
1111011111 4 10.0
1111011000 4 14.9
0110001001 4 18.3
1000000000 4 8.3
1111001001 4 14.9
1011011111 4 13.3
1111011011 5 11.6
1111111110 5 8.3
1111001111 5 13.3
1111111100 5 10.0
1101101110 5 13.3
1111100000 5 10.0
1111110001 6 11.6
1111101111 7 10.0
1111111111 7 3.3
1111111001 7 11.6