11101011101 1 15.6
10101111011 1 17.3
11001101101 1 17.3
00000000100 1 12.1
01100010110 1 17.3
01000000001 1 13.8
01001111001 1 19.0
10011110101 1 17.3
11110110011 1 15.6
10111101110 1 17.3
10010100011 1 17.3
01101111001 1 19.0
00010011100 1 15.6
10001011100 1 17.3
00001000111 1 13.8
01000100110 1 17.3
11101101111 1 12.1
01110100000 1 15.6
01010010000 1 15.6
11110010111 1 15.6
01111001101 1 19.0
11000011110 1 15.6
10001011101 1 17.3
11111111010 1 12.1
01111101101 1 15.6
01000101010 1 15.6
11101001010 1 15.6
00010001010 1 13.8
00110000011 1 15.6
01010000111 1 15.6
10110000111 1 17.3
11110011000 1 15.6
01110110101 1 17.3
01011111110 1 13.8
01011100000 1 15.6
00011111001 1 15.6
00011101010 1 15.6
10111011001 1 17.3
11011001001 1 15.6
10111100000 1 15.6
01001110101 1 19.0
00111111011 1 15.6
00000000001 1 8.6
01010011001 1 17.3
11101101010 1 13.8
10101001010 1 13.8
10011110001 1 17.3
00101001010 1 13.8
00001111110 1 12.1
00110000101 1 17.3
01110110100 1 17.3
11001101111 1 15.6
00111110000 1 13.8
00110110000 1 15.6
00101001100 1 17.3
01100101001 1 19.0
00111100111 1 13.8
10000000000 1 8.6
01100010101 1 17.3
01110101111 1 15.6
11001000010 1 17.3
10010000000 1 13.8
00000010110 1 15.6
11010000111 1 15.6
00111100011 1 15.6
11111100001 1 12.1
01100000010 1 17.3
11011001100 1 15.6
11010010110 1 17.3
00000010100 1 12.1
10000011100 1 15.6
10011110100 1 17.3
11011010011 1 15.6
10000110001 1 15.6
10100010111 1 15.6
11110111001 1 15.6
00110000001 1 13.8
11101111111 1 12.1
00001000100 1 12.1
11100011101 1 15.6
00011000101 1 17.3
00110111111 1 13.8
10001111111 1 12.1
00101011010 1 15.6
11000010011 1 15.6
11011010100 1 13.8
10000110000 1 13.8
11100001101 1 17.3
10100010001 1 13.8
10001110011 1 17.3
01000001100 1 17.3
11111110010 1 15.6
10011101111 1 15.6
10100010110 1 17.3
11110101001 1 15.6
01010100000 1 12.1
11000110111 1 15.6
01101011110 1 17.3
10110010101 1 19.0
00001111100 1 13.8
00000011010 1 15.6
01101000111 1 17.3
00000101111 1 13.8
10110111001 1 19.0
01100100110 1 17.3
01111101010 1 13.8
10111101000 1 19.0
11011111001 1 17.3
01000101101 1 19.0
01001101001 1 17.3
10100011011 1 17.3
10100011111 1 15.6
01010011011 1 15.6
11101100110 1 15.6
01100001011 1 17.3
00001001011 1 15.6
10111001001 1 17.3
10011100000 1 15.6
01111101110 1 15.6
00100011110 1 17.3
00001010101 1 12.1
11100000101 1 15.6
01001100000 1 17.3
11010110111 1 13.8
00010101011 1 12.1
01100001000 1 17.3
01101101100 1 13.8
11011101100 1 17.3
10001010000 1 15.6
01101001101 1 17.3
10100110000 1 19.0
00100111101 1 19.0
10010010001 1 15.6
11010101011 1 10.4
10110110101 1 15.6
11111100010 1 15.6
01011110001 1 17.3
10110100111 1 17.3
01110010100 1 17.3
00101111110 1 13.8
11110100100 1 13.8
11101111110 1 13.8
11101111000 1 15.6
11101001110 1 15.6
00011001111 1 15.6
00100100111 1 13.8
11101110100 1 13.8
10010000111 1 17.3
10100001101 1 19.0
01110011100 1 13.8
10110111000 1 17.3
11000101001 1 17.3
11101010001 1 15.6
11000010010 1 15.6
01011101100 1 17.3
01100011110 1 17.3
10001011010 1 17.3
00110011010 1 17.3
00001111101 1 15.6
10111000100 1 19.0
00001110001 1 15.6
00111100000 1 13.8
10100001110 1 17.3
10111111110 1 13.8
01011000000 1 15.6
00100000101 1 15.6
00110011111 1 15.6
00000110000 1 13.8
10001110110 1 19.0
11100001100 1 15.6
11111101100 1 13.8
10100010010 1 17.3
10111110101 1 17.3
00010111011 1 15.6
11110110111 1 12.1
01001001101 1 17.3
11011111101 1 17.3
11101101101 1 12.1
01011100001 1 17.3
01010000011 1 15.6
00111101101 1 15.6
01011011000 1 15.6
00001111000 1 13.8
00100101111 1 13.8
11010011111 1 15.6
00001111111 1 10.4
00100000011 1 15.6
11010010111 1 15.6
00111101000 1 17.3
11011000011 1 17.3
10001000011 1 15.6
11011100111 1 17.3
10010011000 1 17.3
11010111011 1 15.6
01101001111 1 19.0
10100010011 1 17.3
11001100001 1 17.3
11111000011 1 13.8
11000000100 1 15.6
01001011100 1 19.0
10000000101 1 13.8
11101010100 1 12.1
11111010100 1 12.1
00101111101 1 17.3
00101011110 1 13.8
00000011101 1 15.6
00001101010 1 15.6
11001010111 1 15.6
11011000111 1 15.6
01000111000 1 15.6
11110101011 1 12.1
11011110101 1 17.3
00110001100 1 13.8
10100101101 1 17.3
11100010011 1 15.6
01111101111 1 13.8
01100111111 1 15.6
00100001111 1 15.6
00101110010 1 19.0
00101000011 1 13.8
00101111000 1 15.6
01111100101 1 17.3
11101110110 1 13.8
01001111100 1 17.3
10110000011 1 17.3
10011111100 1 15.6
11110110100 1 15.6
11111111000 1 10.4
00100101010 1 13.8
01101011011 1 15.6
01110100010 1 17.3
00001100100 1 17.3
01101100110 1 17.3
01111001111 1 13.8
00000011001 1 15.6
11000101100 1 17.3
01010100011 1 13.8
11100000100 1 15.6
00000011110 1 12.1
00111011001 1 17.3
10100111100 1 19.0
10000001101 1 15.6
01000110000 1 15.6
00001011100 1 15.6
11001001111 1 15.6
01000010111 1 19.0
00110010100 1 17.3
01000111111 1 15.6
00011101110 1 15.6
10111101011 1 15.6
11111101011 1 12.1
00010011011 1 13.8
11101110101 1 13.8
00101101001 1 17.3
01000010001 1 17.3
01010010100 1 13.8
00110011101 1 17.3
00100110010 1 17.3
00101000101 1 15.6
00000000000 1 3.5
11110011100 1 13.8
11101000000 1 13.8
11110001111 1 13.8
10000011101 1 17.3
10100111010 1 17.3
00100011100 1 17.3
00100100000 1 12.1
11010000001 1 13.8
10000110111 1 15.6
11000000001 1 12.1
00000111111 1 10.4
01100110001 1 17.3
01110111111 1 13.8
11001111011 1 17.3
01111110011 1 13.8
10000001000 1 13.8
00111101100 1 15.6
11110111101 1 13.8
11111000110 1 15.6
01000110001 1 15.6
01100000111 1 15.6
01110111011 1 13.8
00011110000 1 13.8
00110001111 1 15.6
00110010000 1 15.6
10101000111 1 15.6
10000001010 1 13.8
01001010000 1 17.3
00000111010 1 15.6
00000001100 1 13.8
01101111110 1 15.6
10111111000 1 15.6
00000000111 1 10.4
00101101111 1 15.6
01111101011 1 13.8
00110100010 1 17.3
01011011100 1 15.6
00101100111 1 17.3
11001101001 1 17.3
01010001010 1 13.8
00011010111 1 17.3
00101101011 1 13.8
00101001001 1 15.6
00000011100 1 13.8
00001001110 1 15.6
00111111110 1 12.1
11000000010 1 15.6
10000010010 1 15.6
11000010110 1 19.0
11101111011 1 13.8
10101011010 1 15.6
10001101010 1 17.3
00001110111 1 13.8
01100000000 1 12.1
01101110100 1 17.3
01111001010 1 17.3
11111110100 1 12.1
10010011011 1 15.6
00000011011 1 13.8
10010101110 1 17.3
10111011111 1 13.8
10101100110 1 17.3
01000111110 1 17.3
01000110110 1 17.3
10101110001 1 17.3
01110101011 1 13.8
10011000111 1 15.6
00110110101 1 15.6
10110110011 1 17.3
10101000100 1 15.6
00101000100 1 15.6
11000101000 1 15.6
01111110001 1 13.8
01110010010 1 17.3
00001010100 1 12.1
01111110000 1 12.1
10100000000 1 12.1
01011110101 1 17.3
01011000101 1 17.3
11111101000 1 13.8
00101010001 1 13.8
11010111001 1 17.3
11100111101 1 15.6
11011001110 1 17.3
11011000110 1 17.3
00101010111 1 12.1
01110001011 1 17.3
10000110010 1 19.0
10110000000 1 15.6
00101000000 1 12.1
10101100101 1 17.3
11111110011 1 13.8
00000011000 1 13.8
01011010110 1 15.6
10100111111 1 15.6
01011110110 1 17.3
10000001011 1 13.8
11000000101 1 15.6
10111010001 1 17.3
01100010000 1 15.6
00011101100 1 15.6
01110010000 1 15.6
10110111011 1 17.3
11011010110 1 15.6
01111000010 1 17.3
00100010101 1 15.6
11001111100 1 15.6
00111011111 1 13.8
11010001111 1 15.6
10010101011 1 13.8
11111100011 1 13.8
01010000100 1 17.3
11000100101 1 15.6
11000001111 1 13.8
00001101110 1 17.3
11110000101 1 15.6
11100000010 1 15.6
10110000100 1 19.0
11000000111 1 13.8
11111001101 1 17.3
00110000010 1 17.3
11100111110 1 13.8
01101000101 1 17.3
01011100100 1 17.3
10000100010 1 15.6
11011110010 1 19.0
01100011000 1 15.6
00001010011 1 15.6
11100100100 1 13.8
00001011011 1 13.8
00100000110 1 17.3
01111110111 1 13.8
10100101011 1 15.6
01111100111 1 13.8
00111100001 1 15.6
01000011110 1 17.3
10100110001 1 19.0
10101101101 1 15.6
00111000101 1 17.3
01110000011 1 15.6
10000000110 2 13.8
11011100011 2 17.3
11101110000 2 13.8
10000111110 2 13.8
00111100101 2 19.0
01110010101 2 17.3
10000000001 2 10.4
11100000000 2 10.4
00101111001 2 17.3
11101101110 2 13.8
01101111111 2 13.8
00101100000 2 15.6
11110101111 2 13.8
01110000101 2 17.3
01110011110 2 15.6
10111011000 2 17.3
11111100110 2 15.6
00100100001 2 13.8
11110001101 2 17.3
10011001111 2 15.6
11000111000 2 13.8
01010111111 2 12.1
11100011111 2 13.8
01111011011 2 13.8
10000010011 2 15.6
11100001111 2 13.8
01101011111 2 15.6
11011111111 2 12.1
00010000000 2 12.1
01111110100 2 13.8
10000100101 2 15.6
11011110111 2 13.8
10100010101 2 15.6
00100010100 2 15.6
00000100001 2 12.1
01100110100 2 17.3
01100110101 2 17.3
01011011111 2 13.8
10010100111 2 19.0
01101001010 2 17.3
00000010011 2 13.8
11111111011 2 12.1
11111110110 2 13.8
01011111111 2 12.1
01001111111 2 15.6
01101110011 2 19.0
11101001000 2 13.8
01001100010 2 19.0
11101100001 2 15.6
11110001011 2 15.6
11000001110 2 15.6
11111111110 2 8.6
01111111100 2 12.1
01000010100 2 15.6
00010011111 2 13.8
01100110010 2 15.6
11110000010 2 15.6
11110111000 2 13.8
00111111111 2 10.4
00001000001 2 13.8
01111111111 2 8.6
11100000110 2 15.6
11101101100 2 12.1
11011111110 2 13.8
11110000000 2 10.4
11101100100 2 13.8
11111011111 3 10.4
10101110011 3 17.3
11111011011 3 12.1
01110011111 3 15.6
11011111011 3 13.8
01010111110 3 13.8
10000000111 3 12.1
11100000111 3 13.8
00011111111 3 10.4
01101101110 3 15.6
01111111110 3 10.4
10011100110 3 17.3
11111111100 3 10.4
10111011010 3 17.3
11011110001 3 17.3
11011011111 3 12.1
11111110000 3 10.4
11111111101 3 12.1
00000001111 3 10.4
11111000101 3 15.6
11111001011 3 15.6
11000000000 4 10.4
10110001001 4 20.8
00001001001 4 13.8
11111011000 4 15.6
00000000011 4 10.4
11111001001 4 15.6
11111001111 4 13.8
11111011001 4 15.6
11111000000 5 10.4
11111110001 5 12.1
11111100000 5 10.4
11111111111 6 3.5
11111101111 6 12.1
11111111001 7 12.1