011111000001 1 14.3
110110010001 1 17.9
001100110010 1 16.1
111101110000 1 14.3
000100101111 1 14.3
110110111100 1 14.3
100000111111 1 12.5
001110000011 1 16.1
111100000101 1 16.1
101110111000 1 16.1
101111110000 1 16.1
001000000111 1 16.1
100100000100 1 16.1
111011000001 1 16.1
111010000000 1 14.3
000000000101 1 12.5
111111001100 1 16.1
110011000000 1 16.1
100111111000 1 16.1
000100111100 1 17.9
000111100010 1 17.9
110000100100 1 14.3
101010001111 1 16.1
001100110100 1 17.9
100001111001 1 17.9
001110001101 1 19.7
001011111110 1 14.3
000000000001 1 9.0
111000001011 1 16.1
011001111000 1 16.1
111110100001 1 16.1
001101100111 1 17.9
010000000111 1 16.1
100111000011 1 17.9
011110100000 1 16.1
111000011100 1 16.1
000011101111 1 14.3
001110000111 1 16.1
000101111000 1 17.9
000000111001 1 16.1
110000000011 1 14.3
000110111000 1 17.9
110111000000 1 16.1
111000010110 1 19.7
110110000111 1 17.9
011111101110 1 16.1
100011001100 1 17.9
011110000010 1 17.9
111000000110 1 16.1
001111000000 1 14.3
000101111110 1 16.1
100011101001 1 19.7
001100111000 1 17.9
000011110101 1 16.1
111000000111 1 14.3
001111100110 1 16.1
000011000000 1 14.3
111000110000 1 14.3
100111111111 1 12.5
011100000011 1 16.1
011111111000 1 12.5
000111110111 1 16.1
110001100001 1 17.9
100110100000 1 17.9
101111000000 1 16.1
111000011000 1 14.3
101011111000 1 16.1
111100001110 1 16.1
011011100001 1 19.7
001101110100 1 19.7
001111111010 1 16.1
001111000010 1 19.7
000011111010 1 16.1
001111010011 1 17.9
100010010111 1 17.9
000000111000 1 14.3
000011110110 1 17.9
110000010100 1 16.1
000010011111 1 16.1
110011011100 1 17.9
111000100011 1 16.1
001100011100 1 17.9
011100001111 1 16.1
111010000001 1 16.1
001111100111 1 16.1
111001000001 1 17.9
011111101000 1 16.1
110001001110 1 17.9
000110000111 1 14.3
111100001111 1 14.3
001111101110 1 16.1
010100111011 1 17.9
101110000000 1 16.1
111100010111 1 17.9
001011111111 1 12.5
110111010000 1 16.1
000111111001 1 16.1
000011001111 1 17.9
000011111101 1 16.1
001110000000 1 14.3
001100011110 1 17.9
101110011000 1 17.9
011111010001 1 17.9
100010011110 1 17.9
001110010001 1 17.9
011110000000 1 12.5
101111100000 1 16.1
110000100101 1 16.1
110011000111 1 17.9
000001001111 1 16.1
010001100001 1 19.7
100000001111 1 12.5
111000111010 1 17.9
000010001111 1 14.3
100000011001 1 16.1
001000110011 1 17.9
000001110100 1 16.1
100011100000 1 16.1
001100001111 1 16.1
100111111110 1 14.3
011000000011 1 16.1
100101100001 1 19.7
000010111101 1 19.7
111010011100 1 16.1
100000000111 1 12.5
010000111111 1 16.1
000011111000 1 14.3
000010010111 1 16.1
001111110001 1 16.1
000001111000 1 14.3
111111000111 1 14.3
000011000011 1 14.3
000110011111 1 16.1
110111101100 1 17.9
000011100101 1 19.7
111010011101 1 16.1
110100111011 1 17.9
000110111101 1 19.7
000000110111 1 14.3
110000001011 1 16.1
000100000111 1 16.1
010000100111 1 19.7
001110000101 1 19.7
101100000011 1 17.9
110000111001 1 17.9
111011000000 1 14.3
111000111000 1 14.3
000000000110 1 12.5
000111101111 1 14.3
100000111101 1 17.9
111110010100 1 16.1
010001110010 1 21.5
100111100100 1 19.7
011001111100 1 16.1
010110111001 1 19.7
000000111011 1 16.1
001010000111 1 16.1
101000011111 1 16.1
111100110000 1 17.9
010000000000 1 12.5
100100000000 1 14.3
000011110010 1 17.9
100011111000 1 16.1
000000111100 1 14.3
100000101111 1 16.1
111000011101 1 17.9
010100100111 1 17.9
111110000010 1 16.1
111101100001 1 16.1
000100011111 1 14.3
000101111101 1 19.7
000010011101 1 17.9
000110011100 1 17.9
100111011111 1 17.9
100000111110 1 14.3
001000001111 1 16.1
000111110110 1 17.9
110110100111 1 16.1
111111101000 1 14.3
000100111011 1 17.9
010011110001 1 19.7
010001000111 1 16.1
011100000000 1 12.5
111100001000 1 16.1
110001011111 1 16.1
001111111100 1 14.3
010111100000 1 16.1
000111000101 1 17.9
110000000111 2 14.3
000001111110 2 12.5
000010111111 2 14.3
111110000001 2 12.5
000011011111 2 16.1
000111100111 2 14.3
000111011111 2 16.1
011111110000 2 12.5
110000000000 2 10.8
111110010000 2 16.1
000111111101 2 16.1
000000110011 2 16.1
111111010000 2 14.3
110000111111 2 14.3
000111101100 2 17.9
111110000100 2 16.1
111101000000 2 14.3
000100111111 2 14.3
000111111100 2 14.3
000001110110 2 17.9
111111111000 2 10.8
100000011110 2 14.3
110000000001 2 12.5
111100010000 2 14.3
001111111000 2 14.3
100000111100 2 16.1
100001111110 2 14.3
110000111101 2 19.7
000100001111 2 16.1
000111100000 2 14.3
000101111111 2 14.3
000001110111 2 14.3
111110000011 2 14.3
000111110011 2 16.1
000111101000 2 17.9
000000111101 2 16.1
110000011111 2 14.3
111000001000 2 16.1
001111100001 2 16.1
011100000111 2 16.1
011110000011 2 16.1
000000111110 2 12.5
000011110000 2 14.3
111001000000 3 16.1
000000101111 3 14.3
000101101111 3 16.1
111100000111 3 14.3
000111000111 3 14.3
000111001111 3 14.3
001111100000 3 14.3
001000011111 3 16.1
000011110011 3 16.1
111111000001 3 12.5
111110100000 3 14.3
110000001111 3 14.3
111000000000 3 10.8
000001111101 3 16.1
000011111110 3 12.5
000111111111 3 10.8
000101111100 3 17.9
111000000011 3 14.3
111100000001 4 12.5
000111111110 4 12.5
011111100000 4 12.5
001111110000 5 14.3
000000000111 5 10.8
000111111000 5 14.3
111100000011 6 14.3
011111000000 6 12.5
100000011111 7 12.5
000001011111 7 14.3
111111110000 9 10.8
000000001111 10 10.8
000011111100 10 14.3
000001111100 12 14.3
111100000000 15 10.8
111111100000 17 10.8
000000011111 22 10.8
111110000000 27 10.8
111111000000 27 10.8
000011111111 32 10.8
000001111111 49 10.8
000000111111 50 10.8