101111111001001 1 23.4
111110100011111 1 19.5
010000011010111 1 23.4
111000000010011 1 19.5
001111100001100 1 21.5
001011110111000 1 23.4
011011000000010 1 23.4
010000101011010 1 23.4
111111000000111 1 15.6
011001011100001 1 25.4
111011100100100 1 17.6
011011111111001 1 21.5
100000101111110 1 19.5
101110011100000 1 19.5
011011000111000 1 21.5
111110111001001 1 19.5
100001111110000 1 17.6
001001011011000 1 19.5
000111111000000 1 15.6
101010000000101 1 19.5
100001111101111 1 19.5
111001100000111 1 19.5
110011100111101 1 21.5
000010000000000 1 13.7
111011011110101 1 19.5
001010111111000 1 17.6
110111011000111 1 21.5
111110000011100 1 17.6
011110111000100 1 23.4
100100000000000 1 15.6
011011111001011 1 23.4
111011010110111 1 15.6
110111000001111 1 21.5
110101110000101 1 23.4
100101011011100 1 23.4
101111110011000 1 23.4
000111101011010 1 21.5
101001100001000 1 21.5
001110100010001 1 21.5
000010000010010 1 19.5
100010111111110 1 19.5
110010010101011 1 17.6
000111111100010 1 19.5
001110011110100 1 23.4
010110101111011 1 19.5
010001111101010 1 23.4
111111100000111 1 15.6
010100110000001 1 21.5
110101000110110 1 21.5
001011110000000 1 17.6
110100110111111 1 17.6
110000010101011 1 17.6
110111111000110 1 23.4
011011111000000 1 19.5
010101101110011 1 23.4
110001100110001 1 19.5
001110000100010 1 21.5
111000000001100 1 17.6
000110100010010 1 23.4
101001010100011 1 21.5
010101110010100 1 21.5
001000011111111 1 17.6
110111111111111 1 13.7
100100101000100 1 21.5
000110111010001 1 23.4
001001100101001 1 21.5
111100011000101 1 21.5
000111100001101 1 23.4
000001100010110 1 21.5
111101100111111 1 19.5
110100000010011 1 21.5
010000001001001 1 21.5
000111111111111 1 11.7
000011011100011 1 19.5
100001101101100 1 19.5
111011111000000 1 17.6
101001110111011 1 21.5
101101010000111 1 23.4
010101101000110 1 21.5
000110100010110 1 23.4
110001110100010 1 21.5
111111111100000 1 11.7
011110000111110 1 19.5
010101100110101 1 23.4
100101011000101 1 23.4
110010111100000 1 21.5
101001011111110 1 19.5
011000100100001 1 23.4
111001101111111 1 17.6
000001000010111 1 17.6
110101111101101 1 21.5
101111101111000 1 21.5
010100101001001 1 19.5
011000111101101 1 23.4
000010100111010 1 21.5
111010001110011 1 23.4
100000000011011 1 17.6
001100111011001 1 21.5
010001111110100 1 21.5
011110001110110 1 25.4
100111101010100 1 19.5
111101001100010 1 23.4
000000010001011 1 17.6
000101110010000 1 21.5
110001100011000 1 15.6
100111101000000 1 21.5
111000011101110 1 21.5
101011110111101 1 21.5
010111000000000 1 17.6
010110000001011 1 21.5
111000001101110 1 21.5
010111111111000 1 17.6
110101001001101 1 21.5
111011110101001 1 23.4
101000101001010 1 19.5
011111011000011 1 21.5
000111000000101 1 21.5
000101011110110 1 23.4
111011010010110 1 21.5
010001111110001 1 21.5
111111101110000 1 17.6
101100011111111 1 19.5
000010010000000 1 15.6
001111111100110 1 19.5
000001100110010 1 19.5
100111000101000 1 21.5
000001001010000 1 17.6
001011110110111 1 19.5
111100000000011 1 15.6
000110011110101 1 23.4
000000001101010 1 17.6
110100110110000 1 21.5
010101111101110 1 21.5
000001000110001 1 17.6
110010010100011 1 21.5
000010000000110 1 19.5
111111000000000 1 11.7
101011111001011 1 19.5
001000000110000 1 19.5
100111111111100 1 17.6
101110100101101 1 23.4
101111100111110 1 17.6
101000000000001 1 15.6
100000100100000 1 17.6
111010001111111 1 19.5
000000000011100 1 15.6
111111111100001 1 13.7
111101100101110 1 21.5
111000001110111 1 19.5
011111111111111 1 9.8
101111010111011 1 23.4
111101110111111 1 13.7
000010100101011 1 19.5
111110110010101 1 21.5
101000011111111 1 17.6
111111111011111 1 13.7
011111111000101 1 19.5
010001101111110 1 21.5
010000111111111 1 17.6
100110110100111 1 23.4
001011111011111 1 17.6
010111011010011 1 23.4
000101110000011 1 19.5
111111111110110 1 15.6
100111000000000 1 17.6
111110010011011 1 19.5
011101111110111 1 17.6
000001011010011 1 21.5
011111111000011 1 17.6
111000000010110 1 21.5
110100101100000 1 21.5
000001111111100 1 15.6
100000100000101 1 17.6
010010001010000 1 21.5
110101111101011 1 19.5
110111111100110 1 21.5
001011110001011 1 19.5
011001100110100 1 19.5
001100000000111 1 17.6
101111110001111 1 21.5
111111001111011 1 21.5
000011000010010 1 21.5
100100000111111 1 19.5
101101111001101 1 23.4
010011000101001 1 25.4
111001111111111 1 15.6
110000101101001 1 23.4
000000101111000 1 19.5
111000001100100 1 19.5
011100100010101 1 21.5
000110000001101 1 21.5
011110001101010 1 23.4
010110101011010 1 19.5
111101111111111 1 13.7
000001111111110 1 13.7
010100000010100 1 19.5
110000111111011 1 21.5
000000111101000 1 19.5
011001100010000 1 17.6
100111110100100 1 21.5
101101010011011 1 21.5
111011010010111 1 19.5
010011100000110 1 23.4
001001000101101 1 21.5
011101111011011 1 19.5
111000001010101 1 17.6
100000100000011 1 17.6
000110001011101 1 23.4
100111101101100 1 21.5
001010100111111 1 17.6
001110101001010 1 21.5
110111000010011 1 25.4
110010010100111 1 21.5
111000101100111 1 23.4
000000110001100 1 17.6
000111111110001 1 17.6
000011100001111 1 15.6
110011010011111 1 21.5
110100100101010 1 19.5
100100111100011 1 23.4
111101000101111 1 19.5
101000000011011 1 19.5
000111101110000 1 19.5
011111111011000 1 19.5
100001011100100 1 23.4
111111111110011 1 15.6
111111011111110 1 15.6
010000100000110 1 23.4
011011001100001 1 23.4
001010111011100 1 17.6
000101001110101 1 21.5
111111000110111 1 19.5
111110000000111 1 15.6
000011101001000 1 19.5
100011111111111 1 13.7
111111110110100 1 17.6
001110111110101 1 21.5
001111111101111 1 15.6
111100100111101 1 21.5
011000101001111 1 25.4
001110100001101 1 25.4
000010111101110 1 21.5
000000000001111 1 11.7
111111111110010 1 17.6
110011111010100 1 19.5
000001000000001 1 15.6
001111110000101 1 21.5
111100000011110 1 17.6
000101000101010 1 17.6
001011010000001 1 19.5
000000110011101 1 21.5
000111111111100 1 15.6
000110011011011 1 17.6
101010011101111 1 21.5
110001000111110 1 19.5
000000010011011 1 17.6
000101100100110 1 21.5
110111101101110 1 19.5
010000001011100 1 23.4
111111111000101 1 17.6
111111010000111 1 19.5
110101011011111 1 17.6
000100011111001 1 21.5
111100001111101 1 19.5
000011111011011 1 17.6
101010101000100 1 17.6
100111101111110 1 21.5
110100111100101 1 25.4
100101100010101 1 23.4
111110110110110 1 15.6
101111111110110 1 21.5
101111111110100 1 19.5
000000000111010 1 17.6
010011101001010 1 23.4
111111111111100 1 11.7
000100001001110 1 21.5
001111000011110 1 19.5
110110000100101 1 21.5
001111101110100 1 19.5
101011101101101 1 21.5
000011101101110 1 21.5
111111100000110 1 17.6
111000000011101 1 19.5
101101100000010 1 23.4
110001010010100 1 19.5
110100100100001 1 19.5
110001100110101 1 23.4
101001001111100 1 21.5
001000101111101 1 23.4
110111111001011 1 23.4
011111111111001 1 15.6
001000010111011 1 23.4
111101110011110 1 17.6
110111011111110 1 17.6
000010100010011 1 21.5
000001011000000 1 17.6
000110110001001 1 25.4
111001110010010 1 19.5
000101111001010 1 21.5
000001101110011 1 21.5
111111111101011 1 13.7
000111101111111 1 17.6
111111101010001 1 17.6
000101011110111 1 21.5
010000011001111 1 21.5
111100010011100 1 19.5
100001111110100 1 19.5
101100000011001 1 23.4
001101111000010 1 23.4
111110101100110 1 21.5
011110001000011 1 21.5
110000110100010 1 21.5
010011110111000 1 23.4
101110100011011 1 23.4
100000001011011 1 17.6
111111110101011 1 13.7
110100101000101 1 19.5
001100101101011 1 21.5
110001101001111 1 23.4
111011001010111 1 19.5
111000000101111 1 19.5
110010000110001 1 23.4
100001110011100 1 19.5
111110000110000 1 17.6
111100111100000 1 17.6
010000000011010 1 23.4
010001101110100 1 21.5
100000001010100 1 15.6
111100101000000 1 19.5
000000100110010 1 19.5
100001000111000 1 19.5
000011100000010 1 21.5
000001000110000 1 17.6
111100010000000 1 17.6
000000111111110 1 13.7
101110000110111 1 21.5
111111100011111 1 15.6
101000101010001 1 19.5
101111000000100 1 23.4
111111100000100 1 17.6
001111001101111 1 17.6
100000001111111 1 13.7
001111110001101 1 23.4
100101001111111 1 21.5
001110000111110 1 19.5
001010010101110 1 19.5
001011111111011 1 19.5
101011111101000 1 21.5
111110100001110 1 21.5
000000000000011 1 11.7
011100111000101 1 21.5
111110000000001 1 13.7
101010110000000 1 17.6
011101100011110 1 23.4
110011001111100 1 19.5
100001011010110 1 21.5
101111101101111 1 19.5
010110000000001 1 19.5
111001001100000 1 21.5
000000111100111 1 17.6
111010000001000 1 19.5
000000101000011 1 17.6
010000001000000 1 15.6
111100001001001 1 19.5
101001001111111 1 17.6
000001000111111 1 17.6
001011101101010 1 19.5
000111100011111 1 15.6
000101011110101 1 21.5
000011011001100 1 21.5
111110110110101 1 17.6
000010100010111 1 19.5
001011010111001 1 21.5
111111111000000 1 11.7
110001001100010 1 21.5
101011100000101 1 23.4
000111000000000 1 15.6
111111011111001 1 17.6
000111110001011 1 21.5
001010000011101 1 23.4
010001100000000 1 19.5
000001011101100 1 21.5
011010010010001 1 21.5
000010011001111 1 19.5
111111110000000 1 11.7
111011110111001 1 21.5
000000100011110 1 19.5
110001111001111 1 19.5
011000001001011 1 23.4
011011101001110 1 23.4
111111110000010 1 17.6
000000011101010 1 17.6
000001100001011 1 19.5
100011101000001 1 21.5
111011010011101 1 21.5
100001101000111 1 21.5
001111111100000 1 15.6
101011011101100 1 21.5
000010100110000 1 21.5
100001010101100 1 19.5
101010111011111 1 17.6
011001010010000 1 21.5
011000110110101 1 23.4
111011000001000 1 19.5
111111101100100 1 17.6
001000100101111 1 21.5
101100000011000 1 21.5
011010111010001 1 23.4
010101111100111 1 19.5
011000000100001 1 21.5
111111011011111 1 15.6
011000010011111 1 23.4
011001000011110 1 23.4
100110001011100 1 23.4
111000011110000 1 15.6
000010101000111 1 19.5
000111101110110 1 21.5
000100110011111 1 19.5
001010110000111 1 19.5
100000111100001 1 19.5
100000101100000 1 19.5
001100110001111 1 21.5
010101111100101 1 21.5
010100110010000 1 21.5
000000001000100 1 15.6
100000001111100 1 17.6
011011100011101 1 23.4
111011111111111 1 13.7
110000100001111 1 17.6
110101110110101 1 19.5
110001100110010 1 21.5
001000001110001 1 21.5
010100111101100 1 23.4
011010010011000 1 23.4
000010000100101 1 17.6
010011111001101 1 25.4
010001011111111 1 17.6
100111101100100 1 21.5
111000010000000 1 17.6
100001110100000 1 19.5
100001101111111 1 17.6
000101000010001 1 21.5
110111110010111 1 19.5
100000000100001 1 17.6
010011011001110 1 23.4
111011111011110 1 17.6
001011110011100 1 23.4
000110011100110 1 21.5
001000111100101 1 25.4
110100100100111 1 19.5
011101111111100 1 19.5
111001111110011 1 19.5
011111100001111 1 17.6
110010000110010 1 23.4
000110011001111 1 17.6
111111100000000 2 11.7
100001111111110 2 15.6
111111101100001 2 17.6
001110011100110 2 17.6
110000001001001 2 19.5
111111000000001 2 13.7
001101101001010 2 21.5
001110110001001 2 25.4
011111011011111 2 17.6
000110100010101 2 21.5
000001000010100 2 17.6
011000100010100 2 21.5
110001101011111 2 21.5
111111011111011 2 13.7
111100001000001 2 19.5
111111111011011 2 13.7
111110111011000 2 19.5
111111111111110 2 9.8
111111011111111 2 13.7
111111110101111 2 15.6
110000101111001 2 21.5
111111011110111 2 15.6
000111100000111 2 17.6
111111111111011 2 13.7
000010000010011 2 19.5
111000000000011 2 15.6
111100000001111 2 15.6
011111000001110 2 19.5
001101110011111 3 21.5
000101101101110 3 19.5
000001010111110 3 17.6
111111011110001 3 19.5
111111111111111 3 3.9
111111111011000 3 17.6
111111111001001 3 17.6
010110101110011 3 23.4
011010111011010 3 21.5
010011111100000 3 19.5
111111111111101 3 13.7
111111111001111 4 15.6
111111111110001 4 13.7
111111111011001 4 17.6
111111111101111 4 13.7
111111111111001 5 13.7