0.0 111111111111111 0.005
0.0 111111111111111 0.005
4.1 111111111111110 0.004
4.1 011111111111111 0.002
5.4 111111100000000 0.004
5.4 000111111111111 0.002
6.8 111111111111001 0.009
6.8 000010000000000 0.002
8.2 111111111001111 0.007
8.2 111111000000111 0.002
9.6 111111111011001 0.007
9.6 111011100100100 0.002
10.9 000101101101110 0.005
10.9 111110100011111 0.002
12.3 001101110011111 0.005
12.3 001111100001100 0.002
13.6 010110101110011 0.005
13.6 101111111001001 0.002
15.0 001110110001001 0.004
15.0 011001011100001 0.002