0111111000111010 1 24.0
1111101010000000 1 16.0
1110011110000011 1 20.0
1111000001100100 1 22.0
0011111111100001 1 18.0
1010000000011111 1 18.0
0101111111000000 1 18.0
1000000111110000 1 18.0
1111000000011111 1 16.0
0000111110000011 1 18.0
0000000001011111 1 16.0
1100000001111111 1 16.0
1000000101111000 1 22.0
0011111000000100 1 22.0
0000011101110111 1 16.0
1000000011001000 1 20.0
0000011000111111 1 20.0
0000110001010000 1 20.0
1111100001110000 1 18.0
0000111111010000 1 20.0
0010110100111011 1 24.0
0011111111100000 1 16.0
0111111000000000 1 14.0
0000010011000011 1 18.0
0000001011111111 1 16.0
1111110110000000 1 18.0
1000111110000110 1 22.0
1100000111000011 1 20.0
1111100010000011 1 20.0
1111111100001000 1 18.0
1000110111111111 1 18.0
1110100000000001 1 18.0
0000010111111100 1 20.0
1100000111111001 1 22.0
1000011111000101 1 24.0
0001000110111100 1 22.0
1000000111110011 1 20.0
1111100000000001 1 14.0
0000000011111110 1 14.0
0000000000100111 1 18.0
1111100010010001 1 22.0
1000000111111000 1 18.0
1111000000000001 1 14.0
0100000011111111 1 18.0
1110111111100000 1 18.0
0111000000111110 1 20.0
0001111000101111 1 22.0
0000011111110011 1 18.0
0000111111000000 1 16.0
1110001100001100 1 22.0
1100101111000000 1 22.0
0000000111111011 1 18.0
1111110000010000 1 18.0
0111100000111100 1 20.0
1111111111110000 1 12.0
1111100000010000 1 18.0
1100000000111111 1 16.0
0011111100000111 1 20.0
0111110110111100 1 20.0
1100011111110000 1 18.0
1100111110000000 1 18.0
1001000000111111 1 20.0
0000011101111111 1 18.0
0100010000001111 1 20.0
0000001111101111 1 18.0
0000111100000011 1 20.0
0000111110011111 1 18.0
0011000011110011 1 24.0
1111000000111000 1 18.0
0000111110001011 1 22.0
1001000001000001 1 18.0
0111110110100111 1 22.0
0000111000000011 1 18.0
1111111110100000 1 16.0
0101111110000011 1 22.0
0000111101110000 1 20.0
1001100000011111 1 20.0
0000111101111111 1 18.0
1110101100000011 1 22.0
0000000111000100 1 22.0
0000001111110001 1 18.0
0000001110000111 1 18.0
1110000001111000 1 18.0
1101111110000000 1 18.0
1000000111111111 1 14.0
1111011100000000 1 16.0
0011000000000111 1 18.0
0000100111111111 1 18.0
0000011111110000 1 16.0
0000111111111100 1 16.0
0000111100000111 1 16.0
1111100001000000 1 18.0
1110000000001110 1 18.0
0001111111110000 1 16.0
1111101110000000 1 18.0
0000011111010011 1 22.0
1111100000111110 1 18.0
0000010101111111 1 16.0
1110000000110000 1 18.0
0010011111110011 1 22.0
1111111111010000 1 16.0
0000011111000100 1 22.0
0011111011000001 1 22.0
1110100001111001 1 24.0
1111010010001100 1 22.0
1110010001000001 1 22.0
0000001111011111 1 16.0
1111100101000000 1 20.0
0000111111110000 1 16.0
0000010111111111 1 16.0
1110000011011000 1 20.0
0011111000010000 1 20.0
1111111100010000 1 16.0
0001111111000000 1 16.0
0000011111111101 1 18.0
0100000111111111 1 18.0
1100001100010000 1 18.0
1100000001111110 1 18.0
1110000111100110 1 22.0
1011000001011111 1 24.0
0111110000000001 1 16.0
0110000010001111 1 24.0
1000001111001111 1 20.0
1000111100110000 1 24.0
1111100000101111 1 20.0
0000000111110011 1 18.0
0001110000111011 1 22.0
0111011111110000 1 20.0
1111100100000011 1 22.0
0000001111110011 1 18.0
0001110000001111 1 18.0
0000000111110110 1 20.0
0100000111100000 1 20.0
0011111110000000 1 16.0
0000001111111101 1 18.0
0001101000001111 1 22.0
0010000100111111 1 20.0
0000111100001111 1 16.0
0111011111100000 1 20.0
1111001111000000 1 18.0
0011111000011111 1 18.0
0101111100000111 1 22.0
1101100000011001 1 24.0
0010010101111011 1 24.0
1110000110011100 1 22.0
1110000011110010 1 24.0
0000001111111011 1 18.0
0000101111001100 1 26.0
0000000100001111 1 18.0
1110110111010000 1 20.0
1111001011000000 1 24.0
0001100000111111 1 18.0
0001111110000100 1 22.0
1001111100001110 1 24.0
1010000001111110 1 20.0
0000001000010111 1 20.0
1111000011100000 1 16.0
0001010000001111 1 20.0
1100001111111100 1 20.0
1111000000000110 1 18.0
1100111111000000 1 18.0
1110011111000000 1 18.0
1001011010001101 1 26.0
1000000000110111 1 18.0
1100000001110110 1 24.0
1000001111101110 1 22.0
0111110000001111 1 18.0
1111000011000000 1 20.0
1000110100111111 1 24.0
0000000110111101 1 22.0
1100011111100000 1 18.0
1111110000100100 1 18.0
0011001110011101 1 22.0
0011110001100001 1 22.0
0110001111100001 1 22.0
1000000111111110 1 16.0
1110011111100000 1 18.0
0000000110111111 1 18.0
0001000000000111 1 18.0
1110011100001000 1 24.0
0111000000011111 1 18.0
0000000001100110 1 18.0
0000101101111111 1 18.0
0000010111111101 1 22.0
0011100100000000 1 18.0
0000001001111111 1 18.0
1011111111000000 1 18.0
1111101111000000 1 16.0
1100101111110000 1 22.0
1111110000001011 1 18.0
1110000001011111 1 20.0
0010110000000111 1 22.0
0000001111111110 1 14.0
0001111110000011 1 20.0
1000011111110000 1 18.0
1101000111111000 1 22.0
0111101110111000 1 20.0
0011001011001111 1 22.0
1000111100110110 1 26.0
0000001101111111 1 18.0
1010000101111110 1 24.0
1111100000101100 1 22.0
0111100110000000 1 20.0
0110110000100101 1 24.0
1111100111110000 1 18.0
1111000000101111 1 20.0
0001111100000111 1 20.0
0011000000111011 1 24.0
1011111111100000 1 18.0
0010101111011111 1 18.0
1111111000000111 1 16.0
1111110110000001 1 18.0
0000010000101111 1 18.0
1100000111101000 1 22.0
0000011001000111 1 22.0
1111110000111000 1 18.0
1111100000001111 1 16.0
1111100000000011 1 16.0
0100001111100000 1 20.0
0010001111101010 1 24.0
1110000001111011 1 22.0
0011111000000000 1 16.0
0111100100000000 1 18.0
1011110000000001 1 20.0
1011111010000001 1 24.0
1111000000111111 1 16.0
0000000110001111 1 20.0
1111011110000000 1 16.0
0111100000000000 1 14.0
1111100000100000 1 16.0
0100000111101110 1 26.0
1000000000011111 1 14.0
1110101111100010 1 24.0
0000000010111111 1 16.0
1111100111111000 1 16.0
0000100000111111 1 18.0
1111000000000111 2 16.0
1111111101000000 2 16.0
1100000000011111 2 16.0
1111111000000110 2 18.0
1010000001111100 2 22.0
0001000001111111 2 18.0
0000111110001111 2 16.0
0000000000000111 2 12.0
0000000000001111 2 12.0
0011111111000000 2 16.0
0011000000111111 2 18.0
1000011111100000 2 18.0
1111111111100000 2 12.0
1110001000000000 2 18.0
0111110000000000 2 14.0
0001100000011111 2 18.0
1111111000000011 2 16.0
1110010100000000 2 20.0
1000000001111111 2 14.0
0011100000011110 2 20.0
1110011110000000 2 18.0
0000001111111000 2 16.0
0000001111100000 2 16.0
0000111111001111 2 18.0
1111110100000000 2 16.0
0000000111111110 2 14.0
1110000000001111 2 16.0
0111111100000000 2 14.0
0111111101000000 2 18.0
1110000000010111 2 20.0
0000000001111100 2 16.0
0000001110111111 2 18.0
1100000011000111 2 20.0
1111000110000000 2 20.0
0001111111100000 3 16.0
0000000111111100 3 16.0
1111000000000000 3 12.0
1111111100000001 3 14.0
1110000000000111 3 16.0
0111111110000000 4 14.0
1111001000000000 4 18.0
1000000000111111 4 14.0
0000011111111100 4 16.0
0000000011111100 4 16.0
0111111111000000 4 14.0
0000011111111110 4 14.0
1111111000000000 4 12.0
1110000000111111 5 16.0
1110000000000000 5 12.0
0000001111111100 5 16.0
0000111111111111 5 12.0
0000000000011111 6 12.0
1111100000000000 6 12.0
0000000000111111 7 12.0
1111111111000000 8 12.0
0000011111111111 8 12.0
1111111110000000 9 12.0
1111110000000000 10 12.0
1111111100000000 15 12.0
0000000111111111 24 12.0
0000000001111111 27 12.0
0000001111111111 35 12.0
0000000011111111 39 12.0