0.0 11111111111111111111 0.002
0.0 11111111111111111111 0.002
4.3 11111111111111111110 0.005
4.3 11111111111111111110 0.005
5.7 00000111111111111111 0.002
5.7 00000111111111111111 0.002
7.1 11111111111111101111 0.007
7.1 11111111111111011011 0.002
8.6 11111111111111001111 0.009
8.6 11111111110110110110 0.002
10.0 11111111111111011001 0.009
10.0 11111001111111100000 0.002
11.4 11110111111111111001 0.007
11.4 00011111000011110000 0.002
12.9 11100011000100010100 0.005
12.9 10110101000000000001 0.002
14.3 11000001101110011111 0.007
14.3 11001001011010000001 0.002
15.7 01011111100001000001 0.005
15.7 11111000010111101110 0.002
17.2 01100010110101110011 0.007
17.2 10100110001111001111 0.002
18.5 01000001110110001001 0.005
18.5 01000010011011001110 0.002
20.0 10111000101100100110 0.002
20.0 10111000101100100110 0.002