111001010110111010000 1 28.6
111111000000000001111 1 17.6
111111000001111100000 1 17.6
000000111111111100000 1 17.6
001000000000001111111 1 19.8
000001000000001111111 1 19.8
111000000001111111111 1 17.6
000000010011111111111 1 19.8
000001101110111011110 1 24.2
010001000001111111111 1 22.0
000001000111010111111 1 26.4
000000001111111011111 1 19.8
111100000000010000000 1 19.8
111100001111101000000 1 26.4
000011111111110000001 1 19.8
001111110000001111000 1 24.2
001000000000111111111 1 19.8
111111111111111000000 1 13.2
011100000100000000000 1 22.0
111111110001000001000 1 22.0
000000111111100000011 1 19.8
001010111111100000111 1 24.2
011000001000001111111 1 24.2
111110000100110011111 1 26.4
100010010011111111011 1 28.6
000000111111110000000 1 17.6
111111111000000001000 1 19.8
011000010111111110011 1 28.6
111111111001000000000 1 19.8
011111101100001000000 1 26.4
000001000001101111111 1 22.0
000000110001101110111 1 24.2
111111000001111000000 1 19.8
000011000010111000011 1 26.4
101000111110000000000 1 24.2
000011111101110101011 1 24.2
110101011111000000111 1 24.2
001111111111001111111 1 19.8
110111000011111110000 1 26.4
100011111111111000000 1 19.8
011111000011111000000 1 22.0
110001110000000111111 1 24.2
110111110111000000110 1 28.6
111111111111111110000 1 13.2
000000000001101111111 1 19.8
101000000001101111111 1 24.2
111111010000000111100 1 24.2
111111010000000111000 1 26.4
000011111111000011110 1 22.0
110111111111100000000 1 19.8
111100011110100000000 1 26.4
000001111100001111000 1 22.0
000000011111111100111 1 19.8
110111100000001110110 1 30.7
100110010110100010001 1 30.7
110000000000001111111 1 17.6
111111100000111001000 1 24.2
100100000000000000000 1 17.6
000000001100001111111 1 22.0
001000000001111111111 1 19.8
000001100000011111111 1 19.8
110000000111110011111 1 24.2
110000111111111000000 1 19.8
000111101000000000011 1 24.2
100000000111111101111 1 22.0
011101100001111111100 1 28.6
001110111000000011111 1 24.2
100001000111100111110 1 28.6
000000111111111111001 1 19.8
111111111011111100000 1 19.8
110000000000110111101 1 28.6
001000001111110011111 1 26.4
111111111110011100000 1 22.0
011111111111110000000 1 15.4
100000000001111111111 1 15.4
111110001111100000011 1 22.0
111111111010000000000 1 17.6
111111011100010010000 1 26.4
100100010010100111111 1 28.6
011010011000000111111 1 26.4
111000000011111111110 1 19.8
000001110000000010111 1 24.2
100000111110110100111 1 28.6
000011100000000111111 1 19.8
000111000000000100011 1 24.2
111000001000000001111 1 24.2
000001000000111001000 1 26.4
101110111111111000000 1 22.0
100000000010101111111 1 19.8
000111100011111100000 1 24.2
110011001011010000000 1 28.6
000000111111111100001 1 19.8
111110101111100000000 1 22.0
000000011011111111111 1 19.8
000000001111111110000 1 17.6
100000111111101000000 1 22.0
000000000011001000111 1 24.2
000110111000011110011 1 30.7
100000000011111111100 1 19.8
101000001110000000000 1 24.2
111111100000011011001 1 26.4
000011111111000000001 1 19.8
111111111110110000000 1 19.8
101000000111100001111 1 26.4
101010011110000001111 1 26.4
000000000000001111100 1 17.6
111100001100000011111 1 24.2
000100100111111011111 1 22.0
100111011111010000001 1 30.7
110000111101110111000 1 26.4
000011001111111111100 1 24.2
000001100010111100000 1 28.6
111111111111000000001 1 15.4
001111111111100000000 1 17.6
010000000001111000111 1 26.4
001000110111000000011 1 28.6
111111110000000001001 1 22.0
000111101000111111000 1 24.2
101000011111000000000 1 24.2
011111111100000000000 1 15.4
000000101111111111111 1 17.6
000000000011011010111 1 22.0
011111111111000000000 1 15.4
111111100001111110000 1 17.6
000011111100111100111 1 24.2
111111100101111000000 1 26.4
011111111111100000001 1 17.6
011101001111110000000 1 26.4
101110010010100111011 1 30.7
000111001000001000011 1 26.4
111000001111110000011 1 22.0
111111000000001000000 1 19.8
111111110000100000000 1 19.8
000111111111110000000 1 17.6
111000000000011111111 1 17.6
110011111001100001000 1 28.6
000001111111110111111 1 19.8
111111110000001100000 1 19.8
000011111111110000011 1 19.8
111111010000001111100 1 22.0
111101100000011000000 1 22.0
100000000011111111111 1 15.4
100000000000000011111 1 15.4
111100010000000000000 1 19.8
100110011100110000000 1 24.2
111111000000000111101 1 22.0
111100000111100000000 1 19.8
110000000000000001111 1 17.6
111101110000100110000 1 26.4
011110000011100000000 1 24.2
000010010111100000111 1 26.4
011111100000111101001 1 28.6
000001100001111100000 1 22.0
011111100000000111111 1 19.8
111000000000110111111 1 22.0
111011111111111000000 1 19.8
111000011111110000000 1 19.8
001111001111100001110 1 28.6
000000000101111111111 1 17.6
000000111111111110010 1 22.0
111100001111000000011 1 22.0
000000011000001011111 1 26.4
001000011100001111111 1 24.2
000000111001111111111 1 22.0
111111000111100000000 1 22.0
111110000000000001111 1 17.6
110001111010010001000 1 28.6
000000000111111111101 1 19.8
111111000000111101111 1 22.0
101000001111000111111 1 28.6
000000011111111110001 1 19.8
000011111111100000000 1 17.6
111111111000100000000 1 19.8
000011111111111000000 1 17.6
000110000001111101111 1 26.4
000000111100000101111 1 24.2
011111111000000101111 1 22.0
111000111111101000000 1 26.4
000110000010000000111 1 24.2
000011110111111111101 1 26.4
111100000011110000111 1 22.0
110011111111100000000 1 19.8
111111011000001011011 1 26.4
000110000111110001011 1 28.6
110000000010001111111 1 24.2
000000111111111110000 1 17.6
111111100011110000011 1 24.2
000011111111111100000 1 17.6
001111111111111000000 1 17.6
111100000110001010000 1 28.6
001000000001111110011 1 26.4
000000000111111000001 1 19.8
000000010111111111111 1 17.6
111111000000000010001 1 22.0
000000001111111111000 1 17.6
111111111110010000000 1 19.8
000000111100000111100 1 19.8
111111000000001100111 1 24.2
001100000000111110110 1 28.6
010010110111111110000 1 26.4
000001111111111111111 1 13.2
000101001111111100011 1 26.4
001101110100001111001 1 32.9
100001111111000000011 1 24.2
100011110011100001000 1 30.7
111111000000011001111 1 24.2
111111111100101000000 1 22.0
111000000100100000111 1 26.4
100000011111111100111 1 22.0
000111111111000001100 1 24.2
010000000000111111111 1 19.8
000111111111111010000 1 22.0
000000010111000111111 1 26.4
001111100000000001011 1 24.2
110000110000010011111 1 26.4
111110000000001111111 1 17.6
101111000001011101110 1 28.6
111111111111000000000 2 13.2
010000111111111000000 2 22.0
111100000000000011111 2 17.6
111100111010000000000 2 24.2
111111110000000001111 2 17.6
111111111111100000000 2 13.2
000000011111111110000 2 17.6
001000000000011111111 2 19.8
011110001100000011110 2 28.6
111000000000000111111 2 17.6
000000111111111111111 2 13.2
000000000111111111110 2 15.4
111110000000000111111 2 17.6
111111111111110000000 3 13.2
000000001111111111100 3 17.6
000000000000000111111 3 13.2
000001000001111111111 3 17.6
000000001111111111101 3 19.8
111111000000001100000 3 19.8
000000000011111111110 3 15.4
000000000001011111111 3 17.6
111110000000000011111 3 17.6
111111100000000000001 4 15.4
000000011111111111100 4 17.6
000000000000000011111 4 13.2
111111111100000000000 5 13.2
111111000000000000000 5 13.2
111111111110000000000 6 13.2
111111111000000000000 6 13.2
000000011111111111111 7 13.2
000000000000011111111 8 13.2
000000000000111111111 9 13.2
111111100000000000000 9 13.2
000000000001111111111 9 13.2
000000001111111111111 16 13.2
111111110000000000000 19 13.2
000000000011111111111 24 13.2
000000000111111111111 27 13.2