00011111000011110000 1 21.6
11111001111111100000 1 19.4
11111000010111101110 1 28.1
10110101000000000001 1 23.8
10100110001111001111 1 30.3
01111100000001111111 1 19.4
00000000110100010110 1 28.1
11001001011010000001 1 25.9
11111111111111011011 1 15.1
01110000000111111110 1 21.6
11111111110110110110 1 17.3
11100000111111110001 1 23.8
00000100001111111110 1 19.4
01111001011110001011 1 25.9
01011101000000011011 1 25.9
00000000010100010111 1 23.8
01000010011011001110 1 32.4
11111111111101010001 1 19.4
11111101010110000000 1 21.6
10001110100101000101 1 28.1
11111010111000000000 1 21.6
10111000111110001011 1 30.3
11000110111011000111 1 25.9
00001110001100110010 1 25.9
01110001011101101010 1 28.1
00100010000011001111 1 28.1
00100000011100000010 1 28.1
00000000001000110001 1 19.4
00000111111111111111 1 13.0
01000011011000111000 1 28.1
11111111110110110101 1 19.4
01111111000000010011 1 23.8
11111101111111001001 1 23.8
01101100001101000111 1 30.3
10111111011010110111 1 23.8
00111100111000101000 1 25.9
11111111111111000000 1 13.0
11000000010000000110 1 21.6
11100001110000111110 1 21.6
00001010011111100000 1 25.9
11000110111101101110 1 25.9
00001100000101100000 1 23.8
11100111011010010110 1 32.4
00010101111011011010 1 25.9
00100010101110010100 1 30.3
11111000001001010000 1 23.8
11000011001100010000 1 23.8
10011000001011000000 1 25.9
00000000010100101011 1 21.6
11111011111011000011 1 23.8
01001111100001001001 1 30.3
11111111111111111100 1 13.0
00011011010010011000 1 28.1
01110101101010011011 1 28.1
00111110100100100111 1 25.9
01111110100101100000 1 28.1
11111111111111111111 1 4.3
11111010101100110101 1 25.9
01110110111111001011 1 28.1
00000111101100101110 1 28.1
11000001100110001111 1 25.9
11001001110111110101 1 28.1
11111100000011111100 1 19.4
01100000011100001111 1 23.8
00000010000111111111 1 19.4
11111101111110001111 1 19.4
00001110011010011111 1 28.1
11111110101111101101 1 25.9
01001110010000110001 1 30.3
11000000101001110101 1 28.1
00111101100000011000 1 28.1
11001001010111111000 1 25.9
11111111111110000000 1 13.0
11111111111101100100 1 19.4
01000000110110001001 1 32.4
01100100101011011100 1 30.3
00000100110001011100 1 25.9
00000011000001001011 1 25.9
00110100001011100100 1 30.3
11101011101111110111 1 21.6
10000001000111100101 1 28.1
10001111100011000101 1 28.1
01101000000101000011 1 28.1
11111110101000110110 1 25.9
10000111110100001110 1 23.8
00001111110010011011 1 25.9
11111111101111111111 1 13.0
10010000100011111001 1 28.1
11111101111101111000 1 19.4
00010011001011100001 1 28.1
00111111100000000011 1 21.6
11111111111100000000 1 13.0
11111111111111011111 1 15.1
00011101111110011000 1 28.1
00001100001111110100 1 25.9
10000011100111000101 1 28.1
01111100000001111100 1 21.6
01000000000100011110 1 28.1
10111000111100011111 1 23.8
11001111001001100000 1 28.1
00010010011111001101 1 28.1
11010001100111011001 1 28.1
01100010100110000001 1 28.1
11011001011111111011 1 25.9
11000000100110011111 1 25.9
11100111011110101001 1 28.1
00011010001111110001 1 28.1
00000111100101000000 1 25.9
11101111100000011110 1 25.9
01110000101110010000 1 25.9
00110010011101001010 1 28.1
11100110001000111110 1 25.9
01111100001111110000 1 19.4
11110111111111110001 1 21.6
10001111111111111101 1 21.6
11000101110011100000 1 25.9
00000100101001111111 1 23.8
00000000101011110110 1 25.9
01001001001000101101 1 25.9
00011111000010000000 1 21.6
00100011001100110100 1 25.9
10111111110000110000 1 25.9
11100000001111111110 1 19.4
00110110100100101010 1 23.8
11111111111110101011 1 15.1
00000000011000010010 1 25.9
00111111111100011111 1 19.4
11111100011111111111 1 17.3
10010000001100001011 1 28.1
11000111001111111111 1 21.6
01101110001101001111 1 30.3
00001111011110111001 1 25.9
00000000001000110000 1 19.4
11001100111101101100 1 25.9
00001110001100110101 1 28.1
11111011111111111001 1 21.6
11100001111000011110 1 19.4
11011100001101101100 1 28.1
10010000000000001111 1 21.6
11010001010110000111 1 28.1
11111010011110111000 1 23.8
11110000011111011011 1 23.8
11110111111011110000 1 21.6
11000100001111101111 1 28.1
01010010000000011010 1 28.1
01010111011001010111 1 21.6
00101011110000111110 1 25.9
11101111111111110010 1 23.8
11011001111010110111 1 25.9
01100000000000000011 1 19.4
01110101010011101111 1 23.8
11111111111000110111 1 21.6
10111001010010101110 1 28.1
01010111100001111101 1 28.1
01100111000011101110 1 30.3
10111101110100101101 1 30.3
00111111000000001100 1 23.8
00110010100000010100 1 28.1
00000001111110000101 1 23.8
01010110101110000101 1 30.3
11010001111110001101 1 32.4
00010000001011101100 1 28.1
00100000111101111111 1 25.9
10000101000011111111 1 23.8
10000100001111111110 1 21.6
11111111100000001111 1 17.3
10010100111101100100 1 30.3
01011111111011111111 1 17.3
10000000011110001001 1 28.1
01111000001101110011 1 30.3
01100001101111000010 1 30.3
11111001001011011000 1 25.9
11111110011111010100 1 23.8
01110101101010000111 1 28.1
00011110111111100110 1 28.1
11110111111111111111 1 15.1
11111110111110010111 1 21.6
11110001111001101111 1 23.8
00011110100110110000 1 25.9
01000011111000001110 1 25.9
11111110111111000110 1 21.6
00110000011101001000 1 28.1
11111010111111111000 1 21.6
11100000111100000111 1 17.3
11111111111010000111 1 21.6
11101000001011010011 1 30.3
11000111011010010111 1 30.3
10001100001000111000 1 25.9
01000101111101101111 1 28.1
11011110100110111111 1 25.9
11111100001100101011 1 23.8
11001000000010011011 1 28.1
10000110010010101011 1 25.9
11111000111111100010 1 23.8
01000101011110111101 1 30.3
11100000001000000001 1 21.6
11011101011111001011 1 28.1
00001111111101110000 1 23.8
11011010001111101010 1 28.1
10111111101110111111 1 21.6
01011001000011111111 1 25.9
01100010111011010011 1 30.3
00010000010000100101 1 23.8
01100000000111101000 1 25.9
11111111110111001001 1 21.6
10011000010100111010 1 30.3
11111111100111100000 1 21.6
10111100111011111110 1 25.9
11110111111111011011 1 21.6
11011011111111000101 1 25.9
10011111111111100001 1 21.6
11010011000101001111 1 28.1
11111111110101111111 1 17.3
11111100000100000011 1 21.6
00000001000010111011 1 25.9
11001111110100011111 1 25.9
01100001111111100110 1 28.1
11000001110011100110 1 23.8
01000111100000001111 1 25.9
11111101011100000101 1 28.1
00000110000111111011 1 25.9
10000001000101111101 1 28.1
11111111111011111111 1 15.1
10001100000111100001 1 25.9
00101110100000010011 1 30.3
00000001110100010001 1 23.8
00000110000101101001 1 28.1
01011111111011110111 1 21.6
01111110111000010011 1 28.1
10001001110000100010 1 28.1
11000010010001010000 1 23.8
11100111011111111111 1 19.4
11101111111111110110 1 23.8
00111101101011010010 1 28.1
00001011111100001111 1 23.8
10100101100011111111 1 28.1
11101001000110000110 1 28.1
11101100111000000000 1 21.6
00111100010111111110 1 25.9
01011111000000101111 1 23.8
10110000101110000011 1 30.3
10110001011010111001 1 32.4
11111011111111011000 1 23.8
01111100111111111100 1 19.4
01001101011111101000 1 28.1
01010110110000100101 1 28.1
10010011000111101101 1 32.4
11111111011101111101 1 21.6
01100011110001000011 1 28.1
00101100100000111111 1 23.8
11100110011001111100 1 21.6
00101111101111100001 1 25.9
10000111000001010101 1 25.9
01110001110101001010 1 30.3
10111010011000111100 1 28.1
00000000000100110010 1 21.6
11111111111111111001 1 15.1
10001011101100011110 1 30.3
01010010001011111111 1 23.8
10000110010010100111 1 28.1
01001111000000000011 1 25.9
11110000110011100110 1 25.9
11111011111111111111 1 15.1
00001110101111101011 1 23.8
11110001011110000000 1 23.8
10111111011111000000 1 23.8
11111110001101011111 1 25.9
11000011111110010001 1 25.9
10101010100101001001 1 23.8
11110111111011111001 1 23.8
01111001011110011100 1 25.9
11000100111101111110 1 25.9
10000001110100001101 1 30.3
11110000001000010111 1 25.9
11001110111000001111 1 25.9
00000000111111111100 1 17.3
00000000000001101010 1 19.4
10100000111100000111 1 23.8
11111111111011110111 1 17.3
11110001111100001100 1 23.8
01111000111101011010 1 28.1
11100000000000111010 1 23.8
00000111111111111001 1 19.4
11111011010111011011 1 21.6
00111011110001110110 1 28.1
11110000000000011010 1 23.8
11100011111000001110 1 25.9
01100010110101111011 1 28.1
00000000110100010010 1 28.1
11011011011111111001 1 21.6
01111100101011000101 1 30.3
10011111000001101110 1 30.3
00011000110011110101 1 25.9
10000001010100111111 1 23.8
01111011011111001011 1 25.9
10000110010010100011 1 28.1
01010101110000110111 1 25.9
11111110000100001111 1 21.6
01111111111111110011 1 17.3
10110101110100011011 1 30.3
10001101001010100011 1 28.1
10011100101000101111 1 30.3
11111111111111110001 1 15.1
01100111111000000001 1 23.8
01000001000100101111 1 28.1
10100010101101000110 1 30.3
01000000110111010001 1 30.3
11111000111111000000 1 19.4
00111100100000000000 1 21.6
10100000110011001111 1 28.1
11110100011101000001 1 25.9
01110011010010010001 1 28.1
11011111111111000101 1 25.9
10111111010000001000 1 28.1
01001100100111100011 1 32.4
00011010000001000000 1 21.6
01111110101001001101 1 28.1
11000101101111001101 1 32.4
10000001011110111000 1 28.1
00000000001000111111 1 19.4
11011111000101100111 1 30.3
00101000000111101110 1 28.1
10000011101111011011 1 25.9
10110100000101111110 1 30.3
11111001111111101111 1 21.6
01010110001100011000 1 21.6
10111000101100100110 1 34.6
10010101101100000010 1 30.3
10011101010000000101 1 28.1
01000010000101011010 1 28.1
11111001010111011100 1 25.9
00001010011000101001 1 23.8
00111111111000000000 1 17.3
00110010011100000110 1 30.3
10111000111101110110 1 30.3
00001010000001001001 1 23.8
11111000011101101110 1 28.1
11111111111011111110 1 17.3
11111111111111111011 1 15.1
00000011000000100001 1 23.8
11111111111111101011 1 15.1
00100000010101000111 1 28.1
11010100010100110110 1 28.1
00111100001011010110 1 30.3
11000000111111111111 1 17.3
01001111100010000000 1 25.9
00000010000100000110 1 23.8
10000111010001111111 1 25.9
01011000110001011101 1 30.3
00000000010100010011 1 25.9
00001110010111100000 1 25.9
11101001000111010001 1 25.9
10000000010000010010 1 23.8
10011010100110010000 1 28.1
10100110001110100010 1 32.4
00100011000110110101 1 28.1
00000000000011101010 1 19.4
11101111111011011111 1 19.4
11111111111111111101 2 15.1
11110111110111011000 2 25.9
00000000001000010100 2 19.4
11111111111110101111 2 17.3
00000000010000010011 2 21.6
11111111111111111110 2 10.8
11010111111111110001 2 21.6
01111111111101100001 2 21.6
01011111100001000001 2 28.1
00000010011111100000 2 21.6
01000001110110001001 2 32.4
01000000110100010101 2 28.1
00000110000101111001 2 28.1
11111111111011111011 2 17.3
11111011111011011111 2 17.3
00001110000001001001 2 25.9
01100001101101001010 2 32.4
11100011000100010100 2 23.8
11000001101110011111 3 25.9
11111111111111001001 3 19.4
00000000001010111110 3 19.4
11111000101101101110 3 25.9
11111111111111101111 3 15.1
11011111111011110001 3 25.9
11110111111111111001 3 21.6
01011011010111011010 3 25.9
11111111111111011000 3 19.4
01100010110101110011 3 30.3
11111111111111011001 4 19.4
11111111111111001111 4 17.3