0.0 000000000111111111111 0.062
0.0 111111111111111000000 0.002
2.2 111111100000000000001 0.009
2.2 011111111111110000000 0.002
4.5 000000011111111111100 0.009
4.5 111111000000000001111 0.002
6.7 000000001111111111101 0.007
6.7 001000000000001111111 0.002
8.9 010000111111111000000 0.005
8.9 010001000001111111111 0.002
11.2 111100111010000000000 0.005
11.2 000001101110111011110 0.002
13.4 000001000111010111111 0.002
13.4 000001000111010111111 0.002
15.6 011110001100000011110 0.005
15.6 111001010110111010000 0.002
17.8 110111100000001110110 0.002
17.8 110111100000001110110 0.002
20.0 001101110100001111001 0.002
20.0 001101110100001111001 0.002