11001101101 1 17.3
10010111011 1 17.3
10000101010 1 13.8
01111111101 1 13.8
01001110110 1 20.8
01001000101 1 17.3
10010001101 1 20.8
10110111111 1 13.8
10010110010 1 17.3
01100101001 1 19.0
10011010001 1 19.0
01011101111 1 12.1
00000010100 1 12.1
10111111001 1 17.3
01010111010 1 15.6
10100010100 1 15.6
11001011101 1 17.3
01100010010 1 19.0
11011101110 1 13.8
10100011001 1 17.3
01000011010 1 20.8
01010111001 1 17.3
01100011101 1 17.3
10110010101 1 19.0
01111110101 1 13.8
10011010101 1 17.3
11011111001 1 17.3
11000110110 1 17.3
01011001011 1 15.6
01101100111 1 17.3
01011101011 1 15.6
11001101011 1 17.3
00100100011 1 13.8
01101100001 1 17.3
11000101010 1 13.8
01101000001 1 17.3
00001000110 1 15.6
00110111011 1 17.3
10011000100 1 17.3
11100111001 1 15.6
00010000010 1 15.6
01000001000 1 15.6
11101111001 1 17.3
00100101101 1 15.6
10010100001 1 17.3
00010010110 1 15.6
01110100101 1 17.3
11001110101 1 17.3
11011001111 1 17.3
01101101001 1 17.3
10110010010 1 17.3
01110111110 1 15.6
00010001000 1 10.4
00100101001 1 15.6
01001011100 1 19.0
10000000101 1 13.8
10011101110 1 17.3
00001000010 1 13.8
10101110110 1 17.3
01111011111 1 12.1
10010011001 1 17.3
00010101000 1 13.8
01110110010 1 19.0
01101010100 1 13.8
10001010100 1 13.8
01001001100 1 17.3
10100110100 1 15.6
10000000100 1 13.8
01110110111 1 13.8
00110010010 1 17.3
01010101010 1 10.4
00101110100 1 17.3
00000100100 1 12.1
10110100011 1 19.0
01101110010 1 20.8
10111110100 1 17.3
11001011110 1 17.3
10011001001 1 17.3
01011000010 1 20.8
11111010110 1 15.6
10101000001 1 13.8
01001011011 1 15.6
11000001010 1 15.6
10101110010 1 19.0
10001001000 1 13.8
00101100110 1 17.3
10010100000 1 15.6
01010000110 1 17.3
01010110011 1 17.3
10100101001 1 15.6
11000111001 1 15.6
10101101100 1 15.6
01101000101 1 17.3
10100110110 1 17.3
10100110001 1 19.0
00000101000 1 13.8
00010101100 1 15.6
01100101000 1 17.3
10001110100 1 17.3
00101001010 1 13.8
10000000010 1 13.8
11110111011 1 12.1
11010010001 1 17.3
11010100010 1 15.6
01000010010 1 17.3
11011111010 1 15.6
01010110010 1 19.0
01000001100 1 17.3
11000110111 1 15.6
01010010110 1 17.3
11001110010 1 15.6
01010011011 1 15.6
10100000010 1 17.3
11001010101 1 13.8
01010010010 1 15.6
00010001001 1 13.8
01101001001 1 17.3
01010100101 1 15.6
11001011001 1 17.3
11010000101 1 17.3
11001011100 1 17.3
10101101001 1 17.3
10000101001 1 17.3
10110110010 1 17.3
01100100010 1 17.3
01011010010 1 17.3
00110100100 1 15.6
00011000100 1 17.3
01011101001 1 17.3
01011100010 1 19.0
11011100111 1 17.3
01011011011 1 12.1
01101001111 1 19.0
10100010101 1 15.6
11110011001 1 15.6
00001101000 1 15.6
11001111101 1 17.3
00100010100 1 15.6
10000110101 1 17.3
01110111101 1 17.3
01011001101 1 19.0
10110111010 1 17.3
10111001010 1 17.3
00111011001 1 17.3
11110100101 1 15.6
01110011010 1 19.0
10000101101 1 17.3
00010100100 1 13.8
10010101001 1 17.3
00100100000 1 12.1
11011101001 1 17.3
11010111111 1 12.1
10110001101 1 17.3
11001000100 1 17.3
01001101110 1 19.0
10100101000 1 13.8
00110100010 1 17.3
00101101011 1 13.8
10001000100 1 13.8
11001010011 1 17.3
01010001001 1 17.3
01110110011 1 17.3
10010011011 1 15.6
10100011010 1 17.3
11101001011 1 15.6
00010101101 1 17.3
10111001100 1 17.3
10011001101 1 15.6
10010001001 1 17.3
10101110101 1 13.8
00101100100 1 13.8
00011010010 1 17.3
01011001111 1 19.0
01010000100 1 17.3
11000100101 1 15.6
01000001001 1 17.3
10001010010 1 19.0
11010011011 1 13.8
00001010011 1 15.6
10010100101 1 15.6
00100000110 1 17.3
01010011010 1 17.3
10101101101 1 15.6
10010100011 1 17.3
10110001110 1 19.0
01010010000 1 15.6
10001101011 1 17.3
11101001010 1 15.6
01000011001 1 17.3
01110010101 1 17.3
10100000110 1 17.3
01101110110 1 17.3
11010110010 1 19.0
11010101111 1 12.1
00101011010 1 15.6
11011010100 1 13.8
10010010101 1 15.6
01101000110 1 17.3
11011101111 1 12.1
10011100111 1 15.6
01101001101 1 17.3
00101110001 1 17.3
00110101001 1 17.3
11010101011 1 10.4
11111010011 1 15.6
11010100101 1 15.6
01110011001 1 17.3
11111101010 1 12.1
01101010011 1 17.3
10010010100 1 15.6
11011001010 1 15.6
11110101100 1 15.6
10100100011 1 15.6
11001011011 1 15.6
11011011100 1 13.8
10111000100 1 19.0
10001110110 1 19.0
01010011100 1 17.3
00001011001 1 17.3
11011111101 1 17.3
00001010000 1 13.8
00111011010 1 15.6
00110101100 1 17.3
00100010110 1 17.3
10110101100 1 17.3
11011001011 1 13.8
00111011011 1 13.8
01110111001 1 17.3
11100011010 1 17.3
01111010011 1 17.3
01100111011 1 17.3
01010111011 1 15.6
01100011011 1 17.3
11001000101 1 17.3
01101011001 1 19.0
01000011101 1 20.8
00101100001 1 17.3
11001110011 1 13.8
00001000101 1 12.1
01001000011 1 15.6
11010100011 1 13.8
00101101010 1 13.8
01101110011 1 19.0
01100001010 1 17.3
10000001000 1 13.8
01100101111 1 17.3
10101001111 1 15.6
00110001000 1 15.6
00110101011 1 13.8
00101011101 1 15.6
01111101011 1 13.8
01100100000 1 15.6
10110101001 1 19.0
10011111011 1 17.3
01101000010 1 20.8
11100100110 1 17.3
10101110001 1 17.3
10101101010 1 13.8
10101010101 1 10.4
10000001100 1 13.8
00011010110 1 19.0
10110110001 1 17.3
01010110110 1 15.6
01010001101 1 19.0
10100110111 1 15.6
11101011111 1 13.8
01110011011 1 17.3
11100100100 1 13.8
01010101101 1 15.6
01001011001 1 17.3
01011100111 1 17.3
10001111101 1 17.3
01010101110 1 13.8
10011110101 1 17.3
00101011001 1 15.6
11100111011 1 17.3
01100011001 1 17.3
01011101000 1 15.6
11101010011 1 15.6
10010001010 1 17.3
11101010111 1 13.8
10101010110 1 13.8
00101111001 1 17.3
01010100010 1 15.6
10010011101 1 17.3
00010101001 1 15.6
10100010111 1 15.6
10101111001 1 17.3
00110101010 1 13.8
11000100100 1 13.8
00011000101 1 17.3
10100010001 1 13.8
01101010101 1 13.8
11110001101 1 17.3
10011110111 1 17.3
11110111110 1 13.8
10011101100 1 17.3
00100111000 1 15.6
01010111111 1 12.1
11000101101 1 19.0
00101000001 1 13.8
11110011110 1 13.8
10010010001 1 15.6
11010000100 1 17.3
11011011001 1 15.6
11001001001 1 13.8
01011011110 1 15.6
00011001001 1 17.3
01110011101 1 15.6
10011001010 1 17.3
11000101001 1 17.3
01011010111 1 13.8
11110011101 1 15.6
10010010000 1 13.8
01001011000 1 17.3
00110111001 1 17.3
10100001001 1 17.3
01011000100 1 17.3
10000100101 1 15.6
10111110111 1 15.6
10100001010 1 17.3
01011000001 1 17.3
11011010101 1 13.8
11001010111 1 15.6
10101001101 1 19.0
00101110010 1 19.0
00110110001 1 17.3
11101111101 1 15.6
01011110111 1 15.6
11101101001 1 15.6
01101100011 1 17.3
01010110111 1 13.8
01100110101 1 17.3
00100101010 1 13.8
11011010111 1 13.8
10100100100 1 12.1
11101100111 1 15.6
01010100011 1 13.8
01110101001 1 17.3
11111101011 1 12.1
11010111110 1 13.8
01010101001 1 13.8
00101101001 1 17.3
00110100101 1 17.3
10000001001 1 15.6
10001100000 1 15.6
11000011011 1 17.3
01011101010 1 15.6
01110111011 1 13.8
00110010000 1 15.6
01111011001 1 17.3
01111010001 1 17.3
10110101011 1 15.6
00001010110 1 15.6
00101001110 1 17.3
11101001101 1 15.6
11011110011 1 17.3
11100110101 1 17.3
01110101011 1 13.8
10100111110 1 17.3
00101010001 1 13.8
01011001001 1 17.3
00101100010 1 17.3
11010011001 1 17.3
11001111010 1 17.3
10011010111 1 17.3
10010100010 1 17.3
10011111101 1 17.3
10010001100 1 19.0
10100100000 1 13.8
10110100010 1 19.0
11001011010 1 17.3
10110010111 1 15.6
00010100010 1 15.6
11111011010 1 13.8
01101010010 1 19.0
01100101010 1 17.3
11011110010 1 19.0
10011001110 1 17.3
10100101011 1 15.6
10001000001 1 15.6
00100010000 1 12.1
11010110011 2 17.3
01011111101 2 17.3
10000010100 2 13.8
11101101111 2 12.1
10111000101 2 19.0
10010000110 2 19.0
11011011010 2 12.1
10010110100 2 17.3
00000010110 2 15.6
00011001000 2 15.6
10001101100 2 17.3
10011101111 2 15.6
10111101100 2 17.3
00000011010 2 15.6
00000101001 2 15.6
01000000110 2 17.3
00010110101 2 15.6
00101011100 2 13.8
11010010011 2 15.6
01101101100 2 13.8
10001010000 2 15.6
00011001110 2 17.3
10011101010 2 17.3
11101111110 2 13.8
01110111010 2 13.8
01010010001 2 17.3
11101010001 2 15.6
01011101100 2 17.3
01101011100 2 17.3
00110101000 2 15.6
10010101000 2 15.6
11101010010 2 17.3
11101100101 2 15.6
10101000101 2 15.6
11010011101 2 17.3
10101000110 2 17.3
10011100110 2 17.3
10011001011 2 17.3
00110001001 2 19.0
00110001100 2 13.8
00100000100 2 13.8
01011011111 2 13.8
00001100100 2 17.3
10000001101 2 15.6
11000100110 2 17.3
01110010110 2 19.0
00100110010 2 17.3
10001111011 2 17.3
10011110011 2 17.3
00110101101 2 17.3
01101100010 2 17.3
11001101110 2 17.3
00110110111 2 12.1
10100111101 2 20.8
01001100010 2 19.0
00100000001 2 13.8
10001101010 2 17.3
00100100110 2 15.6
01010010111 2 15.6
10100001011 2 17.3
00001001101 2 17.3
10000110010 2 19.0
00010011000 2 15.6
11100110010 2 15.6
00101101000 2 15.6
10010011110 2 17.3
11010010010 2 15.6
11010010100 2 13.8
00100101011 2 13.8
00010001101 2 17.3
10101011111 2 12.1
01000000010 2 17.3
01100010110 2 17.3
01100101110 2 19.0
10111111011 2 17.3
10011101011 2 17.3
00000110010 2 17.3
11100101010 2 15.6
10111010011 2 17.3
10101001010 2 13.8
01000101100 2 17.3
00000101010 2 12.1
01100010101 2 17.3
00101010110 2 13.8
01100001101 2 19.0
11011110100 2 17.3
10100101010 2 15.6
00100000010 2 17.3
11001010100 2 13.8
11001001011 2 15.6
00101100011 2 17.3
11011111011 2 13.8
10101100001 2 17.3
01010101100 2 13.8
10110100101 2 17.3
01101011111 2 15.6
00101001000 2 13.8
11100101110 2 17.3
01010000011 2 15.6
10110001000 2 17.3
00010100011 2 15.6
10100010011 2 17.3
10111001110 2 15.6
01001101101 2 17.3
10101011000 2 15.6
10010100111 2 19.0
00110011101 2 17.3
01011111111 2 12.1
01110010001 2 17.3
01111010100 2 13.8
01100110001 2 17.3
11001111011 2 17.3
10000101100 2 17.3
11111101110 2 13.8
00101001001 2 15.6
00000010000 2 12.1
10100100110 2 17.3
01101110100 2 17.3
11100111010 2 17.3
10101100110 2 17.3
01111111010 2 13.8
00101100101 2 15.6
11110010101 2 15.6
01011000101 2 17.3
01000011000 2 15.6
00110100001 2 17.3
01000110101 2 17.3
11011000101 2 17.3
10110010110 2 17.3
11001110110 2 19.0
10010111110 2 17.3
00001000001 2 13.8
11111010111 2 13.8
01111011110 2 13.8
10110111011 2 17.3
00011101001 2 17.3
10110111100 2 15.6
00101010011 2 13.8
10111101001 2 20.8
00010000001 2 13.8
10001110111 2 15.6
11001001110 2 17.3
01000000001 2 13.8
11010101001 2 13.8
10110001001 2 20.8
10010010011 2 13.8
10110101010 2 15.6
00010111010 2 15.6
01010110001 2 17.3
00101100000 2 15.6
10000110001 2 15.6
10110011110 2 19.0
11010111100 2 13.8
01001011110 2 17.3
10101111111 2 12.1
10110111001 2 19.0
00010011101 2 15.6
10100000101 2 17.3
00111010010 2 19.0
01100100100 2 15.6
11101011110 2 15.6
00010011001 2 15.6
00011001100 2 13.8
10110001011 2 19.0
01100101101 2 17.3
10100001101 2 19.0
01101010001 2 17.3
11000100001 2 15.6
10110011001 2 15.6
10000111101 2 17.3
10011011001 2 17.3
11111101001 2 15.6
11011110111 2 13.8
00000010101 2 12.1
00001101010 2 15.6
01010110000 2 15.6
00101001011 2 13.8
10100101101 2 17.3
11101011001 2 17.3
01100110100 2 17.3
01101011011 2 15.6
00000110100 2 15.6
01101110111 2 13.8
01110101000 2 15.6
11001001101 2 17.3
11101110011 2 15.6
10100100010 2 17.3
01001001000 2 12.1
10010110110 2 17.3
01101110001 2 19.0
01000110001 2 15.6
10100101110 2 17.3
10011010110 2 19.0
01011011100 2 15.6
11100001010 2 15.6
11000101000 2 15.6
01111011101 2 15.6
00101000000 2 12.1
10100111111 2 15.6
11110101110 2 15.6
11111001101 2 17.3
11100111110 2 13.8
00110000010 2 17.3
01111110111 2 13.8
10111101110 2 17.3
10110010100 2 19.0
01111001101 2 19.0
01001100001 2 19.0
10011001100 2 13.8
11010011010 2 15.6
00110010011 2 17.3
01100010100 2 17.3
01100000010 2 17.3
11010010110 2 17.3
00110010110 2 17.3
00111110101 2 15.6
11110011010 2 19.0
10011000010 2 17.3
11100011101 2 15.6
01001111101 2 19.0
11111001001 2 15.6
11101011010 2 13.8
10110001010 2 19.0
10111001001 2 17.3
01101111010 2 17.3
01011001110 2 19.0
01011110001 2 17.3
10110100111 2 17.3
01010111110 2 13.8
10100100111 2 15.6
01111010010 2 17.3
00111001001 2 17.3
00010100000 2 13.8
01101101110 2 15.6
00110011010 2 17.3
10101011110 2 13.8
11000010101 2 15.6
10011100100 2 17.3
01011011000 2 15.6
11010011111 2 15.6
00000110101 2 15.6
11010010111 2 15.6
00101000110 2 17.3
01000001011 2 17.3
00100011001 2 17.3
00101111101 2 17.3
01110001010 2 17.3
00110100000 2 15.6
01111010110 2 17.3
00100011011 2 17.3
00000101101 2 15.6
10001000010 2 17.3
01001010001 2 19.0
11100110111 2 15.6
11001111001 2 17.3
01000110000 2 15.6
00011000001 2 13.8
10111011010 2 17.3
01001010011 2 17.3
01010111101 2 17.3
00111010001 2 17.3
10011101001 2 17.3
10000010001 2 15.6
11101111011 2 13.8
10010101110 2 17.3
10001001110 2 17.3
01000101110 2 17.3
01110101100 2 17.3
01100110010 2 15.6
01010100100 2 13.8
11011001110 2 17.3
10110101101 2 17.3
00100001101 2 19.0
00001010001 2 15.6
10111010001 2 17.3
10110010001 2 19.0
01011001000 2 15.6
11010011110 2 17.3
10101100010 2 17.3
11011110110 2 15.6
00100001100 3 17.3
10100011000 3 17.3
00011101010 3 15.6
00111010111 3 15.6
10000110100 3 17.3
00101101101 3 15.6
00001100101 3 19.0
01100000101 3 17.3
00101101100 3 15.6
10010101111 3 15.6
01001100000 3 17.3
01000100001 3 15.6
00110111010 3 17.3
11000010010 3 15.6
10100111001 3 19.0
10101001100 3 17.3
11001101100 3 17.3
01101011000 3 19.0
01001001110 3 17.3
00111101010 3 15.6
01011010011 3 17.3
10110101000 3 17.3
01110110001 3 17.3
10010110011 3 17.3
01111001111 3 13.8
00110011001 3 13.8
00011000010 3 15.6
11011100001 3 17.3
11011011111 3 12.1
10010001110 3 19.0
11110100110 3 17.3
01010101011 3 10.4
10100011110 3 17.3
01101001000 3 15.6
01001010111 3 17.3
00001101101 3 15.6
11011100010 3 19.0
10110010011 3 17.3
10101111100 3 15.6
01111100111 3 13.8
01101101111 3 13.8
10001011100 3 17.3
11100100001 3 17.3
10110011111 3 17.3
00000001010 3 12.1
11101101110 3 13.8
01010101111 3 12.1
10100001100 3 17.3
11111011011 3 12.1
00110101111 3 15.6
10011111001 3 17.3
01000100101 3 17.3
00010101011 3 12.1
01100111101 3 17.3
00000000010 3 12.1
00100001011 3 17.3
10100110010 3 19.0
10001000011 3 15.6
00100101110 3 15.6
00101000011 3 13.8
01110001001 3 19.0
10000010000 3 13.8
00010110000 3 15.6
00110011000 3 13.8
11101110001 3 15.6
10001111010 3 17.3
00100110000 3 17.3
01011001100 3 17.3
10001100010 3 15.6
10101001110 3 17.3
10011010000 3 17.3
01101111110 3 15.6
10010011111 3 15.6
11011001000 3 13.8
10110100110 3 17.3
00101011000 3 13.8
11011000110 3 17.3
01011101110 3 13.8
11001100111 3 13.8
00111010101 3 13.8
10111100110 3 17.3
10010111001 3 17.3
10000100010 3 15.6
01100011000 3 15.6
10010001011 3 17.3
00111000101 3 17.3
10110100100 3 15.6
00100011101 3 19.0
10000000110 3 13.8
01000100110 3 17.3
01011111110 3 13.8
11110001010 3 15.6
11101110111 3 10.4
00000010001 3 13.8
10000110000 3 13.8
01101100000 3 15.6
00000101100 3 15.6
01111101110 3 15.6
00101110110 3 17.3
00111001010 3 17.3
01100110110 3 17.3
10101000011 3 15.6
00001100010 3 15.6
01001110001 3 19.0
10001011011 3 15.6
10000011001 3 15.6
01111101111 3 13.8
01110100110 3 19.0
11001001111 3 15.6
10011111110 3 13.8
00101111010 3 17.3
11000110101 3 17.3
01000100100 3 15.6
00100011100 3 17.3
01011000110 3 19.0
01100011010 3 19.0
00110110110 3 13.8
10010000001 3 15.6
00010001110 3 15.6
01010011101 3 17.3
11101011000 3 17.3
11110100010 3 15.6
01011110110 3 17.3
01111001001 3 17.3
11011111110 3 13.8
10111100111 3 15.6
00000001000 3 12.1
10001001100 3 17.3
10011011000 3 17.3
01001001011 3 15.6
11010100001 3 13.8
10110011100 3 19.0
00010110010 3 15.6
11101101010 3 13.8
11010100111 3 13.8
10100010000 3 12.1
01101111111 3 13.8
11110101111 3 13.8
11101100011 3 15.6
11010011100 3 17.3
10110100001 3 17.3
01011010001 3 17.3
01111101010 3 13.8
10101101000 3 15.6
10011100010 3 17.3
01100001000 3 17.3
01110100100 3 15.6
00000101011 3 12.1
11111010010 3 15.6
01001101111 3 17.3
10100001110 3 17.3
01011000000 3 15.6
01000100011 3 13.8
01000110010 3 19.0
00110110011 3 17.3
00000000101 3 12.1
00100110100 3 13.8
11111001111 3 13.8
11011000111 3 15.6
00011001010 3 17.3
01000111010 3 19.0
01101100110 3 17.3
00110100110 3 17.3
01010110100 3 13.8
11001000110 3 17.3
11111110110 3 13.8
01001111111 3 15.6
11100010101 3 15.6
10110000110 3 19.0
00100110110 3 15.6
01111110011 3 13.8
11010001011 3 17.3
11101001111 3 15.6
10101000111 3 15.6
00001000000 3 12.1
01011100101 3 17.3
10000010101 3 13.8
01010000000 3 12.1
01111101001 3 17.3
11100010111 3 17.3
01111001010 3 17.3
00010100001 3 15.6
00011010000 3 15.6
01110100111 3 17.3
11100110100 3 17.3
11111100111 3 13.8
10000100110 3 17.3
11010110110 3 15.6
01010100001 4 13.8
01000010000 4 13.8
10001110000 4 15.6
01001110100 4 19.0
01011100000 4 15.6
00111100101 4 19.0
10111100011 4 19.0
10101100011 4 17.3
10111111111 4 12.1
00110101110 4 17.3
11100110001 4 17.3
11001110001 4 17.3
01100100101 4 17.3
11100101000 4 17.3
11101001110 4 15.6
10100000001 4 13.8
00111011101 4 13.8
00000110110 4 15.6
00111010011 4 17.3
00111101101 4 15.6
00011000110 4 15.6
11111111011 4 12.1
10011100011 4 15.6
11000110100 4 17.3
11111011001 4 15.6
01101101000 4 15.6
11010001001 4 17.3
01100111001 4 17.3
11010000110 4 17.3
11000111011 4 17.3
10100110011 4 17.3
01100010011 4 17.3
11000000101 4 15.6
11000110010 4 19.0
10100011100 4 17.3
00101001100 4 17.3
01111110010 4 15.6
10001011000 4 17.3
00101011011 4 13.8
10100100001 4 15.6
01000111001 4 17.3
10011101101 4 19.0
11011011110 4 13.8
10101100111 4 17.3
10111111110 4 13.8
10000110110 4 17.3
10011011100 4 17.3
10000101110 4 17.3
10110001111 4 17.3
01001110011 4 15.6
11110001001 4 17.3
10010111101 4 20.8
01110100010 4 17.3
10001101000 4 15.6
10001101111 4 15.6
11100010010 4 17.3
10001011001 4 19.0
11110010110 4 19.0
00101100111 4 17.3
00100101100 4 15.6
11101101100 4 12.1
10100001000 4 15.6
01101100100 4 15.6
11001000010 4 17.3
01110101111 4 15.6
01011110100 4 17.3
11001011111 4 15.6
00100111001 4 17.3
10111100001 4 17.3
01010111100 4 15.6
01001111110 4 15.6
10110111000 4 17.3
00010001100 4 15.6
01111110100 4 13.8
10101100100 4 15.6
01011100110 4 17.3
10111100010 4 20.8
11111011110 4 12.1
11000110011 4 17.3
11011111100 4 15.6
01000101011 4 15.6
10100111100 4 19.0
00001100001 4 13.8
11011110001 4 17.3
00101101110 4 17.3
10010111000 4 17.3
00000001100 4 13.8
11110111100 4 12.1
01011100011 4 17.3
00011101011 4 15.6
00101001111 4 15.6
01100001100 4 17.3
11110010100 4 15.6
11000011001 4 15.6
11100110011 4 13.8
00110001101 4 15.6
01011111010 4 17.3
10010110000 4 19.0
01001111001 4 19.0
01110010011 4 17.3
11101000110 4 17.3
01010000111 4 15.6
00100110001 4 17.3
01000110011 4 17.3
10010111111 4 15.6
11110111001 4 15.6
00010110001 4 15.6
01101000111 4 17.3
01111000101 4 17.3
10011110010 4 19.0
11011101100 4 17.3
01110010100 4 17.3
10001110010 4 19.0
00010110110 4 15.6
00010111011 4 15.6
10110001100 4 15.6
01001110111 4 17.3
10111000111 4 15.6
00010100111 4 17.3
00001011100 4 15.6
11010001000 4 13.8
01001100110 4 15.6
01111111001 4 13.8
00110110010 4 17.3
01000011100 4 19.0
10000100000 4 12.1
11001100101 4 17.3
00011010011 4 17.3
11000110001 4 13.8
01100111110 4 15.6
10011000001 4 15.6
01100100011 5 17.3
01001001111 5 15.6
00111101110 5 15.6
00110000101 5 17.3
11000010011 5 15.6
00001001011 5 15.6
00111001011 5 17.3
01000010011 5 17.3
01110011111 5 15.6
11011011000 5 13.8
01100010111 5 17.3
01100011110 5 17.3
01010011111 5 15.6
00001100110 5 15.6
01111100101 5 17.3
11100011011 5 15.6
00110110100 5 15.6
00010010000 5 12.1
10001101110 5 17.3
11010001110 5 17.3
10011001000 5 15.6
11000001101 5 17.3
10011011111 5 15.6
11001100010 5 17.3
00100010111 5 15.6
11111010001 5 15.6
11111111010 5 12.1
00110000110 5 17.3
00011011011 5 13.8
00011001011 5 17.3
00100110101 5 15.6
10011110100 5 17.3
00101001101 5 19.0
10111101000 5 19.0
01100001011 5 17.3
11101001100 5 15.6
00011011001 5 17.3
00110010111 5 15.6
10101001000 5 13.8
11001100011 5 17.3
11000111101 5 19.0
10100101100 5 17.3
10101000000 5 12.1
10001100001 5 15.6
11100010001 5 15.6
10101100000 5 15.6
00011011010 5 15.6
11101100001 5 15.6
11000100011 5 13.8
01001100111 5 15.6
11011101000 5 15.6
11110110010 5 17.3
00110100011 5 17.3
10110101110 5 19.0
10010111100 5 19.0
01110011110 5 15.6
10001110011 5 17.3
00010010011 5 12.1
01100100110 5 17.3
00010001011 5 13.8
11100001001 5 17.3
10000100011 5 15.6
00111010110 5 17.3
01111110110 5 15.6
01100100001 5 17.3
01101000000 5 15.6
00000110001 5 15.6
01100101100 5 17.3
01011111100 5 15.6
00011101000 5 17.3
00000011001 5 15.6
01111111011 5 13.8
11100100101 5 15.6
00010101110 5 15.6
10111000110 5 17.3
01100111100 5 15.6
10101000100 5 15.6
00101010111 5 12.1
01111001011 5 17.3
11111000101 5 15.6
11100100010 5 17.3
11010001101 5 19.0
00101111011 5 17.3
11011100011 5 17.3
11101100010 5 15.6
01001011111 5 15.6
00001110010 5 17.3
11110111010 5 12.1
00010111101 5 19.0
01101000011 5 19.0
01110000101 5 17.3
10110000010 5 19.0
11101000101 5 15.6
00011010001 5 17.3
11001010001 5 17.3
10111111100 5 15.6
00100100111 5 13.8
01110011100 5 13.8
11101110010 5 17.3
11110011111 5 13.8
01101001100 5 17.3
01011100001 5 17.3
01010111000 5 15.6
10010011000 5 17.3
00110011011 5 15.6
11110010011 5 15.6
11000111010 5 17.3
10000101011 5 13.8
10011000111 5 15.6
00111101011 5 13.8
10110000100 5 19.0
01011100100 5 17.3
11010000010 6 17.3
10100111011 6 17.3
01100110000 6 15.6
00101110011 6 17.3
01110001100 6 17.3
00101000111 6 15.6
01011000011 6 19.0
00101011110 6 13.8
01001111000 6 17.3
11001011000 6 17.3
11001101000 6 15.6
11111001010 6 15.6
01110000100 6 17.3
00111001000 6 15.6
10111110010 6 19.0
10000111010 6 17.3
01000001110 6 17.3
00111111011 6 15.6
00001100000 6 13.8
11110010001 6 17.3
00100111011 6 17.3
11111110111 6 12.1
10101111000 6 15.6
01000111000 6 15.6
11000001001 6 15.6
01111011000 6 17.3
11110010010 6 15.6
01101111100 6 15.6
01000011011 6 19.0
10111011100 6 13.8
01111010111 6 15.6
00111101100 6 15.6
11101001000 6 13.8
11000000010 6 15.6
00111010100 6 13.8
00000100011 6 13.8
11100101001 6 19.0
01001000111 6 17.3
10100011011 6 17.3
11001000011 6 15.6
00010111001 6 17.3
10110110000 6 15.6
11100011001 6 15.6
11101010100 6 12.1
11000101100 6 17.3
01110111111 6 13.8
11011000100 6 17.3
11100010110 6 17.3
10010000011 6 15.6
11000010110 6 19.0
11111110100 6 12.1
11010001111 6 15.6
00000000110 6 12.1
01000111011 6 19.0
01100011100 6 15.6
10000000001 6 10.4
10111110001 6 17.3
00110000001 6 13.8
01000111101 6 20.8
00100011110 6 17.3
11110110001 6 15.6
10001011110 6 17.3
11000100010 6 13.8
00001101100 6 15.6
00110001011 6 17.3
11000101111 6 15.6
00000100001 6 12.1
10110000011 6 17.3
00111110110 6 15.6
10001100011 6 13.8
10000110111 6 15.6
00111001101 6 19.0
01110001011 6 17.3
00000011000 6 13.8
10000001011 6 13.8
11101111100 6 13.8
11101000100 6 15.6
00111000001 7 15.6
10111000001 7 17.3
11101110100 7 13.8
01110100011 7 17.3
11011111111 7 12.1
10111000011 7 17.3
10001100111 7 17.3
01000111110 7 17.3
11011000010 7 19.0
01110001101 7 19.0
01000011110 7 17.3
11010000111 7 15.6
10011101000 7 17.3
00110111101 7 17.3
00100000011 7 15.6
01100111111 7 15.6
10001111001 7 17.3
00110011110 7 17.3
00010100110 7 17.3
11110110100 7 15.6
01011010000 7 15.6
00000010011 7 13.8
01000010111 7 19.0
01111100110 7 15.6
10111100100 7 19.0
01110100001 7 17.3
10000100111 7 17.3
11111111001 7 12.1
00111001110 7 13.8
00100001110 7 17.3
01101001110 7 19.0
10001011111 7 15.6
11111110010 7 15.6
00100111101 7 19.0
00100111100 7 17.3
10011011110 7 17.3
11100101100 7 17.3
01110001000 7 15.6
10011000000 7 15.6
11110011100 7 13.8
00111011110 7 15.6
00000001001 7 13.8
10110000001 7 15.6
00011101101 7 17.3
11010011000 7 17.3
00001011011 7 13.8
00001110101 7 15.6
00001101011 7 15.6
11000010100 7 13.8
00111111010 7 15.6
10000011000 7 13.8
10000111001 7 17.3
11100011110 7 15.6
11001100001 7 17.3
11001001000 7 12.1
11100100011 7 17.3
01001110000 7 17.3
00101110111 7 13.8
11001111111 7 13.8
00100110111 8 13.8
11011001100 8 15.6
10111010000 8 15.6
01100000001 8 13.8
00000101110 8 15.6
11111101111 8 12.1
11100010011 8 15.6
10101110000 8 15.6
10110010000 8 17.3
11001100100 8 15.6
11000010000 8 12.1
11000010001 8 15.6
11111100110 8 15.6
00010000011 8 13.8
10110100000 8 15.6
00001000011 8 12.1
11101001001 8 15.6
11000000100 8 15.6
10001010111 8 15.6
00101011111 8 12.1
00010011011 8 13.8
11111001100 8 15.6
01100111000 8 15.6
11010101000 8 12.1
10010000000 8 13.8
11100001101 8 17.3
10111000010 8 20.8
11011000001 8 15.6
01000110111 8 15.6
00001011101 8 15.6
11001001100 8 17.3
00011100010 8 15.6
00011100101 8 17.3
10000111011 8 17.3
00110110000 8 15.6
11100011100 8 13.8
10111011000 8 17.3
11011100100 8 17.3
11000011101 8 17.3
11111001110 8 15.6
10100111000 8 17.3
00011011000 8 17.3
11001000001 8 15.6
00110111110 8 15.6
00111101001 8 19.0
11001010000 8 15.6
01011111000 8 15.6
11100111111 8 13.8
11010001100 8 17.3
11101100100 8 13.8
00010011100 9 15.6
10000011011 9 15.6
01110111100 9 15.6
00101111100 9 15.6
00111001100 9 17.3
11100010100 9 15.6
10011000011 9 15.6
11010000001 9 13.8
11001101001 9 17.3
01000100111 9 17.3
00111101111 9 12.1
00001110110 9 17.3
00110000000 9 13.8
10001110001 9 17.3
11011000011 9 17.3
00000111010 9 15.6
00101101111 9 15.6
11110001011 9 15.6
10100000000 9 12.1
00110001110 9 17.3
00111100110 9 15.6
00110111111 9 13.8
10100110000 9 19.0
11001111110 9 13.8
11010010000 9 15.6
01110110000 9 17.3
00000100000 9 10.4
10001000000 9 13.8
11111111101 9 12.1
11111110011 9 13.8
00110100111 9 17.3
11101101000 9 13.8
10110011000 9 15.6
01101111000 9 17.3
00001110100 9 15.6
10100000011 9 15.6
10001000111 10 15.6
11101000111 10 17.3
00111011000 10 17.3
11100011111 10 13.8
10010000111 10 17.3
11000111110 10 15.6
00011010111 10 17.3
01001000000 10 13.8
11010110000 10 15.6
01000111100 10 17.3
00010000000 10 12.1
11001000111 10 15.6
01111011100 10 15.6
00000110000 10 13.8
00011110101 10 15.6
11000001000 10 13.8
00100111110 10 15.6
00011011101 10 17.3
11100001011 10 15.6
00111111101 10 15.6
01010001011 10 15.6
00000111001 10 15.6
10100011111 10 15.6
11110100100 10 13.8
00001100011 10 13.8
01100100111 10 17.3
01110010000 10 15.6
00111110011 10 15.6
10011100001 10 17.3
11110000101 10 15.6
00011101110 11 15.6
00101110000 11 15.6
00111000010 11 19.0
10000101111 11 15.6
11010100000 11 12.1
10000011100 11 15.6
00011100110 11 15.6
00110011100 11 17.3
01111001110 11 15.6
11110111111 11 12.1
10000110011 11 17.3
01110001110 11 17.3
11001111100 11 15.6
10000111000 11 15.6
00110111100 11 15.6
11010110001 11 17.3
00000011101 11 15.6
01111001100 11 17.3
11111000111 11 13.8
00001001110 11 15.6
10010001111 11 17.3
10001001111 11 17.3
00101111110 11 13.8
00111000100 11 17.3
10000010011 11 15.6
00011110110 11 17.3
10000001110 11 13.8
11110001111 11 13.8
10000011101 11 17.3
10100001111 11 15.6
00111110111 11 13.8
00000000100 12 12.1
01101110000 12 17.3
10011110001 12 17.3
11101010000 12 13.8
01010001111 12 15.6
11101000011 12 17.3
00100101111 12 13.8
01110111000 12 15.6
00011111010 12 15.6
01111101100 12 15.6
00100000000 12 12.1
10111001000 12 15.6
11110100001 12 15.6
11100111100 12 13.8
00010110011 12 15.6
10001111100 12 15.6
11111101100 12 13.8
00011011100 12 17.3
01110000110 12 17.3
01000101111 12 15.6
11111011100 12 13.8
11111010100 13 12.1
11111100011 13 13.8
10000111110 13 13.8
01100000011 13 15.6
01111000100 13 17.3
00010010111 13 13.8
11101111111 13 12.1
10001111110 13 13.8
00111010000 13 15.6
10110000111 13 17.3
00011100100 13 15.6
01000000011 13 15.6
11000001011 13 15.6
00110111000 13 15.6
01000000000 14 12.1
10011111100 14 15.6
11000100111 14 17.3
01110001111 14 15.6
01111110001 14 13.8
00111011111 14 13.8
11011010000 14 13.8
01111001000 14 15.6
01001111100 14 17.3
01111100100 14 15.6
11010111000 14 15.6
00001111010 14 15.6
11110101000 14 13.8
00000001101 14 15.6
11000011000 14 13.8
00010111000 14 17.3
01100000110 14 17.3
00011101100 14 15.6
11000000110 14 15.6
11000110000 15 13.8
01111000111 15 15.6
10010110001 15 19.0
00011100001 15 15.6
11100000101 15 15.6
11111100010 15 15.6
11000100000 15 13.8
10001111000 15 15.6
00001010111 15 13.8
00010111110 15 15.6
01011000111 15 17.3
00111110010 15 17.3
10001111111 15 12.1
00111110100 15 15.6
00011000011 15 13.8
11111110001 15 12.1
00101111111 15 12.1
11010000011 16 15.6
10000011110 16 13.8
10011111111 16 12.1
10011100000 16 15.6
00111100100 16 17.3
00000110011 16 15.6
11110001110 16 15.6
01111101000 16 15.6
00111111001 16 15.6
01110000010 17 17.3
01111111110 17 10.4
11000111111 17 13.8
10111111000 17 15.6
11101000010 17 19.0
01111100011 17 15.6
00111101000 17 17.3
11111000110 17 15.6
10100000111 17 15.6
00011111101 18 15.6
01110100000 18 15.6
00110000011 18 15.6
00000001011 18 12.1
11000111000 18 13.8
01100001110 18 17.3
11011111000 18 15.6
01000111111 18 15.6
01100011111 18 15.6
00000011100 18 13.8
00111011100 18 13.8
00011110100 19 15.6
10000111100 19 15.6
00010011110 19 15.6
11101000001 19 15.6
00101111000 19 15.6
01110011000 19 17.3
00010110111 19 13.8
00111000110 19 15.6
01111000010 19 17.3
00011110010 19 17.3
00011000000 20 13.8
11100000010 20 15.6
00111100001 20 15.6
10000000011 20 12.1
01100000000 20 12.1
00110011111 20 15.6
00000011011 20 13.8
00111001111 21 13.8
11100001110 21 15.6
11100111000 21 13.8
00010111100 21 17.3
11110001100 21 15.6
10000010111 21 15.6
00001101110 21 17.3
00110000111 21 15.6
01011110000 21 15.6
11111100100 22 13.8
11001110000 22 15.6
11110000110 22 15.6
00011011110 22 17.3
01111000011 22 15.6
11000011110 23 15.6
11001000000 23 13.8
00001011110 23 15.6
01000000111 23 15.6
11110011000 24 15.6
00111110001 24 15.6
00111100111 24 13.8
11101111000 24 15.6
01110000001 24 13.8
01111000001 24 13.8
11100000110 24 15.6
00000111000 24 13.8
00111000011 24 15.6
00001111001 25 15.6
00011111001 25 15.6
10011111000 25 15.6
00011100000 25 13.8
00001110000 25 13.8
11000001110 25 15.6
01111100010 25 17.3
11001100000 26 15.6
00001110001 26 15.6
10110000000 26 15.6
11111100001 26 12.1
11100000100 26 15.6
00110001111 26 15.6
10111000000 26 15.6
00100000111 27 15.6
00011100011 27 13.8
11010000000 27 12.1
11001111000 27 15.6
00011111011 28 15.6
01111000110 28 17.3
11000001100 28 15.6
11000111100 28 15.6
11000011100 28 15.6
01111100001 28 13.8
00111000000 28 13.8
01111010000 29 15.6
11100011000 30 13.8
11100001111 30 13.8
01100000111 30 15.6
00010101111 30 13.8
11110111000 31 13.8
01110000011 31 15.6
00111111110 31 12.1
00011110001 32 15.6
10011110000 32 15.6
00000001110 32 12.1
00001110011 32 15.6
00100111111 32 13.8
11100001100 34 15.6
11100001000 34 15.6
01100001111 34 15.6
01110000111 35 15.6
11111000100 35 15.6
11000000001 35 12.1
11000011111 36 13.8
00010000111 36 15.6
00000111101 39 15.6
00001000111 39 13.8
00111100011 39 15.6
11110001000 39 13.8
11110000100 40 15.6
11111000011 40 13.8
11110000111 40 13.8
01111111100 40 12.1
00000111100 40 13.8
11110000010 41 15.6
00011000111 41 13.8
00001100111 41 15.6
00111000111 41 13.8
00001111101 41 15.6
11011110000 43 15.6
11011100000 43 15.6
11100010000 43 13.8
00100011111 43 15.6
00000100111 43 15.6
11100110000 44 15.6
00011110011 45 15.6
00111100010 45 17.3
01110000000 45 12.1
00001111000 46 13.8
11111101000 46 13.8
11100100000 47 15.6
11011000000 47 13.8
11101110000 48 13.8
00000111011 48 15.6
00011110111 51 15.6
10000111111 53 12.1
00001111011 54 15.6
00011100111 54 13.8
11101100000 54 13.8
01000001111 54 15.6
11111000010 54 15.6
10111110000 57 15.6
00010001111 59 13.8
11111001000 59 13.8
01000011111 59 15.6
00100001111 60 15.6
00111111100 61 13.8
00000010111 61 13.8
00011101111 62 13.8
10111100000 64 15.6
00001110111 65 13.8
00011110000 65 13.8
00000011110 66 12.1
11111011000 68 15.6
00011001111 68 15.6
00010111111 72 13.8
11000000011 73 13.8
00010011111 76 13.8
11111000001 77 12.1
11110110000 79 15.6
00001101111 79 15.6
01111111111 80 8.6
11100000111 80 13.8
11000001111 80 13.8
00000000001 83 8.6
00000110111 83 13.8
10000000000 83 8.6
01111111000 84 12.1
11101000000 89 13.8
00011011111 89 15.6
00000111110 91 12.1
00011111110 92 12.1
00001001111 92 15.6
11110000011 96 13.8
11110010000 97 15.6
11100000011 103 13.8
10000000111 104 12.1
00000000011 105 10.4
00111110000 110 13.8
11111111111 110 3.5
00001111100 112 13.8
11100000001 115 12.1
11110000001 118 12.1
00011111000 118 13.8
11111111110 120 8.6
00111100000 121 13.8
11111111100 123 10.4
10000011111 123 12.1
00000101111 126 13.8
00011111100 135 13.8
00111111000 137 13.8
11110100000 140 13.8
00111111111 143 10.4
10000001111 143 12.1
11000000111 144 13.8
00001111110 149 12.1
11111010000 159 13.8
00001011111 162 13.8
01111000000 165 12.1
11000000000 172 10.4
01111110000 177 12.1
11111111000 242 10.4
01111100000 361 12.1
00000000111 384 10.4
00011111111 405 10.4
11100000000 531 10.4
11111110000 762 10.4
00001111111 1133 10.4
11110000000 1309 10.4
00000001111 1851 10.4
11111100000 2604 10.4
00000000000 3084 3.5
11111000000 3542 10.4
00000011111 3985 10.4
00000111111 4025 10.4