1101000011 1 14.9
1010010001 1 14.9
1111011011 1 11.6
0000101111 1 13.3
0001101010 1 14.9
1101011110 1 13.3
0001010111 1 13.3
0011000110 1 14.9
0011011111 1 13.3
1010111011 1 14.9
1100010010 1 14.9
0000110111 1 13.3
0011000100 1 16.6
0011111100 1 13.3
0011010001 1 16.6
1000011010 1 16.6
1000111011 1 16.6
0001111010 1 14.9
1110111001 1 14.9
1111001100 1 14.9
0100001111 1 14.9
1110111010 1 11.6
0100111010 1 18.3
1101010100 1 10.0
0110011001 1 13.3
1100110110 1 16.6
0011000010 1 16.6
1011101111 1 11.6
1001110000 1 14.9
1100100101 1 13.3
0111001000 1 14.9
0111011101 1 13.3
0001011011 1 13.3
1100111101 1 16.6
0000111101 1 14.9
1000100100 1 13.3
0000010011 1 13.3
0001110111 1 13.3
0110101110 1 16.6
1000001010 1 13.3
1111111010 1 11.6
1011110010 1 18.3
0010110010 1 14.9
1101000000 1 11.6
0001010110 1 14.9
0101000111 1 14.9
1000001101 1 14.9
1001100010 1 16.6
0100100100 1 11.6
0001100100 1 14.9
1100000100 1 13.3
0011001100 1 13.3
1101101010 1 13.3
1010011110 1 16.6
0101010011 1 13.3
0111011111 1 13.3
1100101110 1 16.6
0000111010 1 14.9
1101101001 1 14.9
0110100101 1 16.6
0101001100 1 16.6
1000101101 1 16.6
0101100011 1 16.6
0100110110 1 16.6
1111010000 1 13.3
0111001111 1 13.3
1010011000 1 16.6
0010100101 1 13.3
0001011000 1 14.9
0100011000 1 14.9
0010011001 1 14.9
0001100101 1 16.6
0110001111 1 14.9
1011010110 1 16.6
0110001000 1 14.9
1100101010 1 13.3
0011001110 1 16.6
1001001011 1 14.9
0011100110 1 14.9
0101101100 1 13.3
0010000111 1 14.9
0110100100 1 14.9
1100110101 1 16.6
1010001010 1 14.9
1001111110 1 13.3
0101000011 1 14.9
0011011011 1 11.6
1110000110 1 14.9
1100110010 1 14.9
0001111111 1 10.0
1000010110 1 16.6
0110110011 1 16.6
1000100011 1 13.3
0001100001 1 13.3
0111100001 1 13.3
1101110010 1 18.3
0010000101 1 14.9
0101000001 1 13.3
0101011101 1 14.9
1000100001 1 14.9
0111101001 1 16.6
0110001110 1 16.6
0001011010 1 14.9
0110010101 1 16.6
1001111011 1 16.6
0011110111 1 13.3
0001100010 1 14.9
1101101101 1 11.6
0001111011 1 14.9
1110101100 1 14.9
1001010100 1 13.3
1001110111 1 14.9
0010001010 1 14.9
1101001111 1 14.9
1100010110 1 16.6
0101101011 1 13.3
1100001100 1 14.9
0111110011 1 13.3
1100001110 1 14.9
1101111011 1 13.3
1101101011 1 13.3
0011111001 1 14.9
1010101100 1 13.3
1010010100 1 13.3
1000101011 1 13.3
1001101111 1 14.9
0000110011 1 14.9
1101111001 1 16.6
1011111101 1 16.6
1010001100 1 16.6
1111011001 1 14.9
1010011001 1 16.6
1100100000 1 13.3
1101111000 1 14.9
1101110011 1 16.6
1101111110 1 13.3
0100101110 1 16.6
1000011111 1 11.6
1111000101 1 14.9
1101110101 1 14.9
0001100110 1 13.3
0101101110 1 14.9
1010010110 1 16.6
0001110110 1 16.6
1010101011 1 10.0
0111011010 1 14.9
1110101101 1 14.9
0000110001 1 13.3
0010000110 1 16.6
1101001001 1 14.9
1011011011 1 11.6
0101111000 1 14.9
0001001101 1 14.9
1000011000 1 13.3
1010101101 1 14.9
0101100101 1 16.6
1110110100 1 13.3
0010101110 1 13.3
1001000001 1 14.9
0101011010 1 13.3
1111001010 1 14.9
1010101010 1 10.0
1010010000 1 13.3
1001101101 1 16.6
1101000111 1 14.9
0011110100 1 14.9
0111110110 1 14.9
1001101100 1 16.6
0001001001 1 11.6
0011111010 1 14.9
0101111001 1 16.6
0011101111 1 11.6
1100001010 1 14.9
1001000010 1 16.6
0110000001 1 13.3
0101111111 1 11.6
0111111101 1 13.3
0100111000 1 14.9
1110110101 1 13.3
1000100101 1 14.9
1001101000 1 14.9
0001110101 1 14.9
1100101000 1 14.9
0000001111 1 10.0
0000011011 1 13.3
0101100010 1 16.6
1111110011 1 13.3
0011011101 1 16.6
0011010100 1 13.3
0011010110 1 16.6
1110011111 1 13.3
1010001001 1 14.9
1111011110 1 11.6
0100001100 1 16.6
0111110100 1 13.3
1000001111 1 11.6
1011100100 1 14.9
0001001110 1 14.9
0100101101 1 16.6
1101111010 1 14.9
0001000110 1 14.9
0001110011 1 13.3
0100110001 1 18.3
0110011100 1 14.9
1000010001 1 14.9
0001101101 1 14.9
0100100111 1 14.9
1111011010 1 13.3
1001011010 1 16.6
0001100111 1 13.3
1000010011 1 14.9
0010101100 1 13.3
1000110000 1 13.3
0100011101 1 16.6
0010000011 1 13.3
1101101111 1 11.6
0100100110 1 16.6
1001101001 1 16.6
1011011111 1 13.3
0000110100 1 14.9
1111100110 1 14.9
0101101111 1 13.3
0001000111 1 13.3
0110111111 1 13.3
0101110010 1 18.3
1101010101 1 10.0
0000101010 1 11.6
0101110001 1 16.6
0110100001 1 16.6
0101001010 2 13.3
0001000101 2 11.6
0101010100 2 10.0
0100101100 2 16.6
0111111011 2 13.3
1000110110 2 16.6
0000100111 2 14.9
1111110110 2 13.3
0001101001 2 16.6
0101111100 2 14.9
0010010100 2 13.3
0101100000 2 14.9
0000101001 2 14.9
1010110100 2 13.3
0100111111 2 14.9
1111001111 2 13.3
0100110010 2 16.6
0000111001 2 14.9
0110101000 2 14.9
1001000111 2 16.6
1010110101 2 13.3
1011001000 2 14.9
1011111001 2 16.6
0010100010 2 14.9
1100111111 2 13.3
0001010001 2 14.9
0001011001 2 14.9
1111101011 2 11.6
0101101101 2 13.3
0001010101 2 11.6
1001000100 2 14.9
0011101011 2 13.3
0010011101 2 14.9
0000100110 2 14.9
0010011010 2 14.9
1001111010 2 16.6
0110101100 2 16.6
0000001011 2 11.6
1101101100 2 11.6
0101101001 2 16.6
1010000001 2 13.3
0000011010 2 14.9
1000100110 2 16.6
0000111110 2 11.6
0010101010 2 10.0
1011010101 2 14.9
0010111000 2 14.9
0010010111 2 13.3
1100010000 2 11.6
0011100000 2 13.3
1100001000 2 13.3
1100100010 2 16.6
1000000111 2 11.6
1001001000 2 11.6
0111110111 2 13.3
1011111111 2 11.6
0110010111 2 14.9
0001110100 2 14.9
1100101001 2 16.6
0101000100 2 14.9
1011101101 2 16.6
0010110000 2 14.9
0101001001 2 14.9
0000001110 2 11.6
1001001010 2 14.9
1001010000 2 14.9
0001110000 2 13.3
1111010100 2 11.6
0000100101 2 13.3
1000001110 2 13.3
0100000110 2 16.6
1000111010 2 16.6
1000000110 2 13.3
0110010110 2 16.6
1010011101 2 16.6
0000001101 2 14.9
0101101010 2 13.3
0011100111 2 13.3
0110101001 2 16.6
1000000011 2 11.6
0011100010 2 14.9
0010100110 2 16.6
0101010101 2 10.0
0011011000 2 14.9
0001111110 2 11.6
1011001010 2 16.6
0010001101 2 18.3
1001111100 2 14.9
0010010001 2 13.3
1001100011 2 14.9
0110011011 2 14.9
0000010111 2 13.3
1011111011 3 14.9
0000011111 3 10.0
0010111111 3 11.6
0010100001 3 13.3
0001010010 3 14.9
1110110110 3 11.6
1111011100 3 11.6
0001010100 3 11.6
1010100000 3 11.6
1010101001 3 13.3
0100001011 3 16.6
0011111101 3 14.9
0100010010 3 16.6
1110101110 3 14.9
1010101000 3 11.6
0001111000 3 13.3
0100100001 3 14.9
1001010101 3 13.3
0010010101 3 13.3
1110111011 3 11.6
0111101110 3 14.9
0000101100 3 14.9
1000100010 3 13.3
0100010100 3 14.9
0011001000 3 14.9
1010110010 3 16.6
1111011111 3 10.0
0001011111 3 13.3
0000111100 3 13.3
0100101001 3 16.6
0000010101 3 11.6
1111010111 3 13.3
1110111101 3 14.9
0010011000 3 14.9
1111111001 3 11.6
0110100000 3 14.9
0000110010 3 16.6
0101000010 3 16.6
0001000011 3 13.3
0100001001 3 16.6
0100100010 4 16.6
1110101111 4 13.3
1111101110 4 13.3
1110000000 4 10.0
0010100100 4 13.3
0000111111 4 10.0
0100000101 4 16.6
0101010000 4 11.6
0001001100 4 14.9
0011111000 4 13.3
1001000000 4 13.3
0000010110 4 14.9
0011000111 4 13.3
0100000010 4 16.6
0100101010 4 14.9
1101111111 4 11.6
0010001100 4 16.6
1000001100 4 13.3
0000101101 4 14.9
0010101000 5 11.6
0101001000 5 13.3
1000101000 5 14.9
0000000110 5 11.6
1111110111 5 11.6
0010010000 5 11.6
0001001010 5 13.3
1111111100 5 10.0
0001000001 5 13.3
0100100000 5 13.3
1111110101 5 11.6
1000101010 5 13.3
0111111110 5 10.0
1010000000 6 11.6
0100010001 6 13.3
0000100100 6 11.6
0110000000 6 11.6
0101000000 6 11.6
1110111111 6 11.6
1000001000 6 13.3
0100001010 7 16.6
0001101000 7 14.9
0111111111 7 8.3
0000101000 7 13.3
0000010100 7 11.6
1100000000 7 10.0
0000110000 7 13.3
0100010000 7 11.6
0100101000 7 14.9
0000100011 7 11.6
0001100000 7 13.3
0000010010 8 13.3
0100001000 8 14.9
1000010000 8 11.6
0000000111 8 10.0
0011000000 8 13.3
0011111111 9 10.0
0010000100 9 13.3
0001000010 10 14.9
0100000100 10 14.9
0100000001 10 13.3
0010001000 11 11.6
1111101111 11 10.0
0000100010 11 11.6
0000010001 11 13.3
0000100001 11 11.6
0010100000 11 11.6
0010000010 11 14.9
1000000001 12 10.0
0001000100 12 11.6
1000000010 12 13.3
0000000011 12 10.0
1000000100 13 13.3
1000100000 13 13.3
0010000001 13 13.3
0001010000 14 13.3
0000011000 14 13.3
0000001100 18 13.3
0000000101 19 11.6
1111111011 19 11.6
0000001001 21 13.3
1111111101 25 11.6
0000001010 26 11.6
1111111110 27 8.3
0001001000 29 10.0
0000000100 68 11.6
0000000001 87 8.3
0000000010 90 11.6
0000010000 94 10.0
0000100000 100 10.0
0100000000 114 11.6
1000000000 127 8.3
0010000000 128 11.6
0001000000 133 11.6
1111111111 347 3.3
0000001000 774 11.6
0000000000 37052 3.3