000101011010 1 16.1
110001101011 1 17.9
001011110010 1 19.7
100001001011 1 17.9
011001011000 1 17.9
001111110110 1 17.9
011000011011 1 19.7
110011110100 1 17.9
011111110100 1 14.3
110110010101 1 17.9
001111010111 1 16.1
101010010000 1 16.1
100100110101 1 17.9
101110011100 1 16.1
010110001110 1 21.5
111001001110 1 17.9
101101001000 1 16.1
100100010011 1 17.9
000001011001 1 17.9
110100101101 1 19.7
100000110100 1 17.9
111110111001 1 17.9
101001100001 1 19.7
100111110100 1 17.9
010101000101 1 16.1
001011111001 1 17.9
011100000010 1 17.9
100101101111 1 17.9
101100011100 1 19.7
010110101110 1 17.9
000110110101 1 17.9
000000001010 1 12.5
111110111011 1 14.3
111010000100 1 17.9
100000011101 1 17.9
001000000110 1 17.9
110001011100 1 17.9
000110100100 1 16.1
100001101100 1 17.9
000101000011 1 16.1
001100011101 1 19.7
100100001011 1 19.7
111110101110 1 16.1
101100101100 1 17.9
110010100010 1 17.9
110110110010 1 16.1
101111010010 1 21.5
111000101010 1 16.1
001111011011 1 14.3
011110100010 1 17.9
101010101001 1 14.3
100010000110 1 19.7
110011100110 1 16.1
110111000100 1 21.5
011101011000 1 19.7
101011110100 1 17.9
111110110010 1 17.9
000001101000 1 17.9
101000001100 1 17.9
011100011111 1 16.1
001001011011 1 14.3
001000011010 1 19.7
001011000110 1 19.7
011100100011 1 17.9
100011111001 1 17.9
010101001000 1 14.3
011011001110 1 19.7
100000010101 1 14.3
001100010110 1 17.9
110111001100 1 17.9
010110101011 1 16.1
000101110100 1 17.9
111010010110 1 19.7
111000111001 1 16.1
001101001101 1 17.9
111101010111 1 14.3
010010100011 1 19.7
010001011000 1 17.9
010100110101 1 17.9
111101110011 1 16.1
001110011011 1 17.9
000010000010 1 16.1
110010001010 1 19.7
111100111011 1 17.9
000010010011 1 14.3
000101010001 1 16.1
000100100010 1 16.1
011000101110 1 19.7
000111010101 1 16.1
101010111110 1 14.3
100111111100 1 16.1
000000010100 1 12.5
000001100101 1 19.7
011000100011 1 17.9
001100110110 1 17.9
010100011100 1 17.9
100010101100 1 17.9
011011111001 1 19.7
000100011011 1 16.1
111011100111 1 16.1
111101101001 1 17.9
100000100001 1 16.1
100101001111 1 19.7
100000010001 1 16.1
010011000001 1 19.7
111101011111 1 14.3
101001101111 1 17.9
001101101011 1 16.1
101110111100 1 16.1
111010010111 1 17.9
011000101011 1 17.9
100101001101 1 21.5
010100001110 1 17.9
011011111110 1 16.1
101111110001 1 17.9
011111100011 1 16.1
001100100101 1 17.9
100011000010 1 17.9
000001000001 1 12.5
001001111001 1 19.7
010001011100 1 19.7
000100110110 1 16.1
011010000110 1 19.7
101010101100 1 14.3
000011000001 1 14.3
000101001011 1 14.3
010111010001 1 17.9
100110111101 1 21.5
010100011110 1 17.9
011010110000 1 19.7
111101011010 1 16.1
011110010001 1 17.9
011010101101 1 17.9
001000111000 1 17.9
101101101001 1 17.9
110111001010 1 17.9
010010111000 1 19.7
100101100100 1 16.1
010110010000 1 17.9
011010010010 1 17.9
101111100101 1 21.5
011010001011 1 19.7
011011100110 1 19.7
111101111010 1 14.3
010000111011 1 21.5
111010011101 1 16.1
000100101011 1 14.3
100011111010 1 17.9
010110100100 1 16.1
011001100101 1 17.9
001100001000 1 17.9
001100000101 1 17.9
011110110100 1 17.9
001000000001 1 14.3
010010010100 1 16.1
010100111101 1 21.5
001010101010 1 10.8
100110110101 1 19.7
111011101001 1 16.1
000101101001 1 19.7
010110110101 1 16.1
110101000001 1 14.3
010100101001 1 16.1
100100101101 1 17.9
110010010101 1 16.1
011000110001 1 16.1
011100010100 1 17.9
011100101100 1 19.7
110101100001 1 17.9
001010011000 1 17.9
001001100011 1 17.9
001110111111 1 14.3
001010111001 1 17.9
011011000001 1 17.9
000101100110 1 17.9
100110001110 1 19.7
000010011000 1 16.1
010100110000 1 19.7
110110010100 1 17.9
000101000110 1 19.7
110011011010 1 17.9
100110100000 1 17.9
011100010111 1 17.9
011011111101 1 19.7
111000001010 1 16.1
110010011011 1 16.1
010010011101 1 17.9
001110101001 1 17.9
110001001111 1 17.9
010000000100 1 17.9
001010101101 1 16.1
110100011110 1 17.9
001100100000 1 16.1
001110010001 1 17.9
011100011001 1 19.7
010011000111 1 19.7
100011011011 1 16.1
011001110001 1 19.7
101101110001 1 19.7
000111001000 1 16.1
101011000011 1 19.7
101101100010 1 17.9
110010110111 1 16.1
101001010011 1 16.1
110110010011 1 16.1
101011000001 1 17.9
011010011111 1 19.7
010011000101 1 19.7
011001010111 1 17.9
101100111010 1 19.7
100110010100 1 17.9
000110100110 1 17.9
101101000010 1 21.5
010000101001 1 17.9
100011001110 1 17.9
000000100100 1 12.5
010011001011 1 19.7
111101110001 1 16.1
101010111000 1 16.1
101001010111 1 16.1
010011100011 1 19.7
111000101101 1 19.7
000101001010 1 14.3
100110001010 1 19.7
100110010110 1 19.7
000111010010 1 19.7
000000101000 1 14.3
100111000110 1 17.9
111001001101 1 19.7
101111010100 1 17.9
100110111010 1 17.9
001110101010 1 14.3
010010011110 1 17.9
000100010110 1 16.1
101101110110 1 17.9
010100001010 1 17.9
011010111110 1 17.9
000000101101 1 16.1
001000111001 1 19.7
110111000110 1 19.7
001111110101 1 16.1
001110110101 1 17.9
011101100011 1 17.9
001010100111 1 16.1
110111101000 1 17.9
000100110101 1 16.1
110111001110 1 17.9
100101110001 1 19.7
100001010000 1 16.1
110001111011 1 17.9
011000000100 1 17.9
011010001000 1 16.1
100011010101 1 17.9
110011011100 1 17.9
110000001010 1 16.1
101100010010 1 21.5
000010100000 1 14.3
010100111011 1 17.9
011001111101 1 17.9
011000111000 1 16.1
110101101101 1 16.1
110011100101 1 17.9
101010000000 1 12.5
101010110010 1 19.7
110100010011 1 19.7
010001010000 1 16.1
101011100110 1 19.7
111001010100 1 16.1
110011101010 1 17.9
100101100111 1 19.7
011001011100 1 19.7
001001110100 1 17.9
001101011101 1 17.9
000011000100 1 17.9
111001011001 1 17.9
010010100101 1 16.1
010101000011 1 16.1
000010001101 1 17.9
111101101010 1 16.1
010110011100 1 19.7
110101111111 1 12.5
100100111110 1 17.9
001010010111 1 16.1
110101000010 1 17.9
111010110011 1 17.9
011011000100 1 19.7
110100110001 1 17.9
110011111101 1 17.9
100011011000 1 17.9
110110100111 1 16.1
010010010111 1 16.1
011111000101 1 17.9
101011010111 1 14.3
110010011110 1 17.9
011011110111 1 16.1
010001110000 1 16.1
111001011110 1 17.9
011010110011 1 19.7
000110010011 1 17.9
100011000100 1 17.9
101101111010 1 17.9
000000011010 1 16.1
111001101000 1 17.9
000000110101 1 16.1
101011001000 1 16.1
101010001011 1 16.1
100001110110 1 19.7
101101100011 1 17.9
010100001101 1 19.7
010010100001 1 19.7
010010001011 1 19.7
010010111100 1 19.7
101101000110 1 19.7
100011101110 1 17.9
101110001000 1 17.9
011110110110 1 16.1
001110101011 1 14.3
010101101001 1 17.9
011010100111 1 17.9
001011101011 1 16.1
011000001101 1 19.7
000101110010 1 19.7
010011011101 1 19.7
101110100110 1 19.7
111101101111 1 14.3
010111010000 1 16.1
011010100010 1 19.7
110101100111 1 17.9
111010010010 1 16.1
100000110110 1 17.9
100111110111 1 17.9
110011000110 1 19.7
000000110100 1 16.1
011000010001 1 19.7
100001000010 1 16.1
111101110010 1 17.9
010010001010 1 19.7
110110100100 1 14.3
111100011010 1 19.7
010100110011 1 17.9
100101000000 1 16.1
100111111010 1 17.9
100101010111 1 16.1
001101111101 1 17.9
000010110000 1 16.1
100010111110 1 17.9
001011011011 1 14.3
001001100101 1 17.9
101110001110 1 17.9
101010011111 1 16.1
101110011111 1 17.9
011011000110 1 19.7
001011001101 1 19.7
111011111001 1 17.9
100100110001 1 19.7
011101000011 1 19.7
100100011100 1 19.7
010000000011 1 16.1
011001111001 1 17.9
010111011100 1 14.3
011100101000 1 17.9
000110101010 1 16.1
111100011101 1 16.1
101000101110 1 17.9
111010101000 1 14.3
000100001100 1 17.9
010111010100 1 16.1
111011000111 1 16.1
100110000110 1 17.9
010110001011 1 17.9
101001000101 1 17.9
001001011110 1 16.1
110110011111 1 17.9
001000010110 1 19.7
100010010111 1 17.9
100110100101 1 19.7
010111100100 1 17.9
101010010001 1 17.9
110100101000 1 14.3
101110001011 1 19.7
010100000110 1 17.9
110010101110 1 17.9
111100100100 1 14.3
100011111101 1 17.9
110110111010 1 16.1
010011001111 1 17.9
010011001000 1 17.9
100101101101 1 17.9
111110011101 1 17.9
011100110100 1 17.9
100000000010 1 14.3
111010011100 1 16.1
111000101011 1 16.1
100010011011 1 17.9
010100101111 1 16.1
000101100011 1 16.1
010100101011 1 16.1
010100011010 1 17.9
010101101000 1 16.1
100010100001 1 17.9
001110111001 1 17.9
010110000100 1 19.7
001011010010 1 19.7
010001001110 1 17.9
111100001001 1 17.9
011101101110 1 17.9
001011011100 1 17.9
001111010010 1 19.7
110010010001 1 16.1
110001000110 1 17.9
000100101010 1 14.3
010100010100 1 14.3
100111001000 1 17.9
101011101100 1 19.7
001100100110 1 17.9
100010100000 1 16.1
000111100101 1 19.7
010001000011 1 16.1
001000001000 1 14.3
011110101100 1 17.9
011100111011 1 17.9
101010101111 1 12.5
111100111110 1 14.3
101001110011 1 17.9
101010011010 1 19.7
101111001110 1 17.9
101001011110 1 17.9
010101111111 1 12.5
010011001101 1 17.9
100011101011 1 17.9
110110101100 1 16.1
001010111000 1 16.1
011100100110 1 19.7
011011110010 1 21.5
011001100001 1 17.9
001011000100 1 17.9
101101100000 1 16.1
101100010001 1 19.7
010101100000 1 16.1
001000001001 1 16.1
001001101010 1 17.9
000010100110 1 19.7
100100110110 1 17.9
110101110100 1 16.1
011010000100 1 19.7
101000100111 1 17.9
100011001000 1 16.1
000010110101 1 16.1
011010000001 1 17.9
100010101011 1 14.3
101101111100 1 16.1
000011001100 1 16.1
001100110101 1 17.9
100001100010 1 19.7
111110100101 1 16.1
010000010100 1 17.9
100100011011 1 19.7
001101011111 1 16.1
011111011001 1 17.9
000100101100 1 16.1
010111000101 1 17.9
100100100010 1 17.9
001001110110 1 19.7
011101001000 1 16.1
111011011100 1 14.3
101001000100 1 17.9
001010011100 1 17.9
010101110110 1 17.9
101010100100 1 14.3
010011010001 1 19.7
000001000101 1 14.3
111001011010 1 17.9
000110100000 1 16.1
101001101001 1 17.9
100001001101 1 19.7
000000010000 1 12.5
011100010101 1 17.9
110100100011 1 17.9
001000100100 1 16.1
100000011010 1 17.9
100001101001 1 19.7
101000001001 1 17.9
011100101101 1 19.7
000110001100 1 14.3
010001111011 1 19.7
101110110010 1 19.7
110011010111 1 17.9
101111011100 1 17.9
101000100110 1 17.9
101101000011 1 19.7
010001100001 1 19.7
010011111011 1 19.7
110010110010 1 17.9
000100101101 1 16.1
101110010011 1 17.9
100001011000 1 17.9
000011001001 1 19.7
100111111001 1 17.9
100000110101 1 17.9
010000110101 1 21.5
001011001100 1 17.9
101011001100 1 17.9
000100000001 1 14.3
100000001010 1 14.3
010011101010 1 19.7
110100110011 1 17.9
111011100010 1 17.9
010101110001 1 17.9
001010000100 1 16.1
011100101110 1 17.9
100010110001 1 17.9
001110101111 1 16.1
101101110111 1 16.1
010101010110 1 14.3
101011111010 1 17.9
111100101110 1 17.9
011011001000 1 16.1
010001111101 1 21.5
100110110100 1 19.7
101100110100 1 19.7
100001100111 1 17.9
101100011110 1 19.7
001010001001 1 17.9
100000100100 1 14.3
001001110101 1 17.9
110101110010 1 19.7
110010100001 1 17.9
001011001011 1 14.3
100110100010 1 19.7
010011011111 1 17.9
011101110110 1 16.1
000101001110 1 17.9
000110010000 1 16.1
110101001010 1 16.1
010111001001 1 19.7
011101010100 1 14.3
011001111111 1 16.1
101000111101 1 21.5
011101001101 1 19.7
110000100101 1 16.1
000101011011 1 16.1
101000011101 1 21.5
101101000101 1 19.7
111001010001 1 19.7
010111000010 1 21.5
110010111111 1 16.1
000101010011 1 16.1
011101001011 1 17.9
101111010110 1 17.9
101110111010 1 14.3
011001010011 1 17.9
010100100011 1 17.9
010011000010 1 21.5
100101111110 1 17.9
100110101000 1 17.9
000100000011 1 14.3
001110110001 1 17.9
001001101111 1 16.1
001100101000 1 17.9
000110101011 1 16.1
010010001101 1 21.5
110111100110 1 19.7
000111000101 1 17.9
110000010110 1 19.7
100110101100 1 17.9
110100010010 1 19.7
111110110001 1 16.1
111101111001 1 16.1
101110100011 1 19.7
100110110111 1 16.1
100101011101 1 19.7
011101110010 1 19.7
111110111100 1 12.5
101010000010 1 17.9
000011101011 1 16.1
110001011011 1 17.9
101110010010 1 17.9
110011000100 1 17.9
110001111010 1 19.7
111001110001 1 17.9
101100100001 1 19.7
100010010000 1 16.1
011101111101 1 17.9
010110000000 1 16.1
101101010100 1 16.1
101100010111 1 19.7
011010011000 1 19.7
010000101011 1 17.9
010001100010 1 17.9
010100101010 1 16.1
101010000011 1 16.1
110001100010 1 16.1
101000010010 1 17.9
011111011100 1 16.1
010101101010 1 14.3
001000110000 1 17.9
011101011001 1 21.5
011110010111 1 17.9
010101000000 1 12.5
101111110011 1 17.9
010001111001 1 19.7
000011010110 1 19.7
100111010011 1 17.9
011110111110 1 16.1
101110001100 1 19.7
001110101000 1 16.1
001011110111 1 17.9
011010101111 1 16.1
001100011110 1 17.9
011100111110 1 16.1
111111101110 1 14.3
111110100010 1 16.1
100011111110 1 14.3
100111111110 1 14.3
011011111011 1 16.1
101100010000 1 17.9
110010000010 1 17.9
101011000010 1 21.5
100110011000 1 14.3
010111100011 1 19.7
110100010111 1 17.9
011001010001 1 21.5
010011111001 1 19.7
011001011111 1 17.9
000010100010 1 16.1
100010001001 1 16.1
001010101110 1 14.3
100101011000 1 17.9
010100111100 1 19.7
101111010001 1 21.5
101011000110 1 19.7
101000110101 1 17.9
100101001011 1 16.1
001001101101 1 16.1
111010100111 1 16.1
110111011010 1 17.9
010110010111 1 16.1
110110000101 1 17.9
011100100010 1 17.9
001000011011 1 17.9
101100111011 1 19.7
011101101111 1 16.1
110001011001 1 19.7
110000100100 1 14.3
100000100000 1 12.5
010110000001 1 17.9
011110010110 1 19.7
100010001101 1 19.7
010000011100 1 19.7
100100010100 1 17.9
111111101011 1 12.5
011001001001 1 17.9
010100001000 1 17.9
101101011001 1 19.7
000010111001 1 19.7
101010100011 1 14.3
001101111001 1 19.7
100100001010 1 19.7
110100110100 1 14.3
110101010110 1 14.3
001100110111 1 16.1
100100111001 1 19.7
011111111001 1 14.3
110100001100 1 17.9
100010110011 1 19.7
110111000111 1 17.9
111001000100 1 17.9
110110110001 1 16.1
010110101001 1 17.9
010110011001 1 17.9
100111001011 1 19.7
110100001101 1 19.7
010101011001 1 17.9
110011001100 1 14.3
110101000011 1 16.1
111101100111 1 16.1
100011010001 1 17.9
111001011011 1 16.1
001010101100 1 14.3
000101000000 1 14.3
111111101001 1 16.1
011000100010 1 17.9
001101001110 1 19.7
101000110111 1 17.9
110010001101 1 19.7
010110001101 1 19.7
000111001001 1 17.9
011000101111 1 19.7
011100001101 1 19.7
011000011110 1 17.9
110100111111 1 16.1
100001001001 1 16.1
100101010110 1 17.9
101000100101 1 17.9
011100100001 1 17.9
100110100011 1 19.7
000100011001 1 16.1
001111011001 1 19.7
111001101101 1 17.9
100101001100 1 19.7
010000101110 1 21.5
100000010011 1 16.1
101101010010 1 21.5
010111001110 1 17.9
011011010111 1 16.1
000010110010 1 17.9
110101100011 1 17.9
101000001010 1 17.9
000000110010 1 17.9
101101000111 1 19.7
101111000111 1 17.9
110001110100 1 17.9
100011000110 1 16.1
101101011100 1 19.7
111110111110 1 12.5
011110001001 1 19.7
111001101011 1 17.9
011011100001 1 19.7
000010110001 1 16.1
110101001101 1 17.9
111010100101 1 16.1
101010101011 1 10.8
100000010100 1 14.3
010011111110 1 16.1
111010001101 1 19.7
100010111101 1 21.5
101001011000 1 17.9
111011101100 1 16.1
100010011110 1 17.9
101010011101 1 19.7
011001101001 1 19.7
111010011001 1 17.9
011001001101 1 19.7
010110111111 1 14.3
101011010011 1 17.9
100111010101 1 17.9
111001101110 1 17.9
100111101100 1 19.7
001101010001 1 17.9
110110011001 1 16.1
100011110101 1 17.9
011001101111 1 16.1
101100111100 1 19.7
010011001100 1 16.1
100011101000 1 17.9
110010001110 1 19.7
010001101011 1 19.7
110011101001 1 17.9
001000110001 1 17.9
101100000100 1 19.7
001101001011 1 17.9
010011101100 1 19.7
010101101111 1 16.1
100110110010 1 19.7
110000010010 1 16.1
000000101010 1 12.5
100101010011 1 17.9
100110010011 1 17.9
010010111010 1 19.7
110100111110 1 17.9
011001100100 1 16.1
100101011110 1 17.9
111110001101 1 17.9
001001010011 1 16.1
111110101100 1 16.1
001111010110 1 17.9
010001011011 1 17.9
001100101001 1 19.7
110010011000 1 17.9
111000110111 1 16.1
111110010101 1 16.1
000100110001 1 16.1
111101010011 1 16.1
101111011101 1 17.9
100111111101 1 17.9
111111010110 1 16.1
110110000110 1 19.7
110011101111 1 16.1
111010101111 1 14.3
010001110001 1 17.9
001100000010 1 17.9
110110111000 1 16.1
100010000100 1 16.1
100111001010 1 19.7
010000110000 1 16.1
101001111100 1 19.7
011010111001 1 21.5
101011000000 1 16.1
100010001110 1 17.9
111010111100 1 16.1
101000111000 1 17.9
000100100110 1 16.1
110010001000 1 16.1
101001111110 1 17.9
011101010110 1 17.9
001101110001 1 19.7
101001001011 1 16.1
001000011001 1 19.7
111000000101 1 16.1
110111110001 1 17.9
010101001110 1 17.9
110001100100 1 17.9
011100001001 1 19.7
010110100110 1 19.7
111111010010 1 16.1
011010101011 1 14.3
111010100011 1 16.1
101001100011 1 19.7
000110110001 1 17.9
110110100011 1 17.9
000001010011 1 16.1
111111001001 1 16.1
000001000110 1 17.9
110101010101 1 10.8
111101001100 1 17.9
111010001011 1 17.9
111000100001 1 17.9
001111001001 1 19.7
010001000001 1 16.1
110101110101 1 14.3
000101011110 1 16.1
111001110011 1 14.3
011101000110 1 19.7
011110011011 1 17.9
111011001111 1 16.1
011000010000 1 16.1
001100111001 1 19.7
000100001011 1 17.9
101001000111 1 17.9
010010111101 1 21.5
010000000001 1 14.3
101100001010 1 19.7
011111011010 1 16.1
101010100010 1 16.1
110001010000 1 16.1
110001100110 1 17.9
110010010000 1 14.3
111010001010 1 17.9
001010011101 1 19.7
010111000011 1 19.7
001101001000 1 16.1
010100000001 1 14.3
001111101011 1 16.1
110001010010 1 19.7
100100110010 1 19.7
010011101001 1 19.7
101000001000 1 16.1
111001001011 1 17.9
010110000010 1 21.5
001001011100 1 17.9
100000100110 1 17.9
100101100101 1 17.9
101110110111 1 16.1
001011100110 1 19.7
010101111101 1 17.9
011011110101 1 19.7
010001110111 1 17.9
010011011000 1 19.7
110001110010 1 19.7
111100100110 1 19.7
000011001000 1 16.1
001010010110 1 17.9
101011111100 1 16.1
011100110101 1 19.7
101011101001 1 19.7
101000100011 1 14.3
101001010001 1 17.9
100111100100 1 19.7
001101110111 1 16.1
011000000101 1 17.9
010110001000 1 17.9
111001110010 1 16.1
011011001001 1 17.9
001110100100 1 17.9
101001001111 1 16.1
111011101110 1 12.5
001111101001 1 19.7
110111010001 1 17.9
011011101000 1 17.9
001010000110 1 17.9
010010000001 1 16.1
000100101001 1 16.1
111100100101 1 16.1
101110011110 1 19.7
100011100110 1 19.7
100010111000 1 17.9
100001111010 1 17.9
011100011101 1 17.9
011010011110 1 19.7
110111111110 1 14.3
100101001001 1 17.9
010011110111 1 19.7
111101100011 1 16.1
101101000001 1 17.9
101100011011 1 17.9
011000101000 1 19.7
111011110001 1 17.9
101111101100 1 17.9
011011001111 1 19.7
111100110111 1 16.1
101000011100 1 19.7
110100001001 1 19.7
011111100101 1 17.9
101011100001 1 17.9
010110110110 1 14.3
100001011001 1 19.7
001001101011 1 17.9
110100000101 1 17.9
101011100011 1 17.9
100111010100 1 17.9
110010111101 1 19.7
001110010100 1 17.9
100001110010 1 19.7
101001010100 1 16.1
011111010010 1 17.9
101100100011 1 19.7
110010101000 1 16.1
001101010011 1 17.9
010101111001 1 17.9
000110111001 1 19.7
111101001110 1 16.1
001101011000 1 17.9
000100010000 1 10.8
000001100010 1 17.9
010110001111 1 19.7
001010100100 1 14.3
010100111000 1 17.9
011110110111 1 14.3
010111100010 1 21.5
111011111100 1 14.3
101111001000 1 19.7
010100111001 1 19.7
011110011101 1 19.7
011010110010 1 21.5
110110010010 1 16.1
100110100110 1 17.9
101011101110 1 16.1
100000100011 1 16.1
010110101000 1 16.1
010111000001 1 17.9
110111111001 1 17.9
000100000100 1 14.3
100001101011 1 17.9
011001001111 1 19.7
111000010101 1 16.1
101101111000 2 17.9
000100111100 2 17.9
110100100111 2 17.9
110101010000 2 12.5
100100111100 2 19.7
011001010100 2 17.9
101010000111 2 16.1
001111010011 2 17.9
011100000100 2 17.9
000011011001 2 19.7
011001010000 2 19.7
111100111010 2 17.9
001011011000 2 17.9
011010000000 2 16.1
001101110011 2 17.9
000110110010 2 19.7
111101100010 2 17.9
100001111011 2 17.9
000111011011 2 16.1
110010010011 2 14.3
001001110000 2 17.9
001100100001 2 17.9
100110101110 2 21.5
001101011011 2 16.1
110000101100 2 17.9
101100010100 2 19.7
101100011000 2 16.1
010000111101 2 21.5
010001100111 2 17.9
011001001110 2 19.7
010100110111 2 16.1
110100001000 2 17.9
001101100001 2 17.9
011010001100 2 17.9
110100111101 2 19.7
010100000000 2 12.5
111100010111 2 17.9
100100100001 2 16.1
000001100000 2 14.3
001011111010 2 17.9
010011100001 2 19.7
101000000011 2 16.1
000010100001 2 16.1
100011100010 2 17.9
100100011110 2 19.7
110001101111 2 16.1
011111111101 2 14.3
010010111110 2 17.9
001010000000 2 12.5
100000101000 2 16.1
111010010011 2 16.1
000000110001 2 16.1
100111001111 2 16.1
010100100111 2 17.9
101101111110 2 16.1
001100110010 2 16.1
100011010011 2 19.7
111100110001 2 17.9
001110010011 2 17.9
111011100001 2 16.1
110001000011 2 16.1
011110011010 2 19.7
000101111001 2 17.9
000111110101 2 16.1
010110010011 2 17.9
000011101010 2 16.1
101011111000 2 16.1
101100011001 2 17.9
011000110011 2 19.7
011100011110 2 17.9
100000001110 2 14.3
000101010111 2 14.3
000101011100 2 16.1
010110100001 2 17.9
010101001100 2 17.9
001000010011 2 17.9
011110010010 2 17.9
001000001110 2 17.9
011100011100 2 16.1
101100011111 2 17.9
110001101010 2 17.9
100001100011 2 17.9
000000000110 2 12.5
111110010110 2 19.7
110110001110 2 19.7
110100111100 2 17.9
001101100000 2 16.1
110101100010 2 19.7
001111010001 2 19.7
100100110100 2 17.9
101111111111 2 12.5
001011001110 2 17.9
000111000010 2 17.9
111010110110 2 16.1
111011011111 2 12.5
111110001001 2 17.9
111100011001 2 17.9
110110010110 2 16.1
111111100010 2 16.1
000000101001 2 16.1
010110111100 2 16.1
110111100111 2 17.9
000100101110 2 16.1
011010000111 2 19.7
101000010011 2 17.9
110110110000 2 14.3
010011101000 2 19.7
011101100010 2 19.7
100101111100 2 19.7
011000111101 2 21.5
001110000100 2 17.9
001000100011 2 14.3
000101101000 2 17.9
111100011110 2 16.1
011011100100 2 19.7
110000000110 2 16.1
010001101100 2 17.9
000100100111 2 14.3
111111110110 2 14.3
011111110111 2 14.3
001010000111 2 16.1
011110100110 2 19.7
000011010001 2 17.9
110110100010 2 17.9
000110101110 2 19.7
000101000001 2 16.1
101000100100 2 16.1
101110100010 2 21.5
101001001010 2 16.1
000110011101 2 17.9
110110111100 2 14.3
011010011100 2 19.7
101001110110 2 21.5
010000100000 2 14.3
100111100101 2 21.5
011100100101 2 17.9
011010101000 2 16.1
000011011101 2 17.9
110001101110 2 17.9
110010111000 2 17.9
100011110010 2 19.7
100100000010 2 19.7
001110100110 2 19.7
111000111101 2 17.9
111000111010 2 17.9
010101011110 2 14.3
010011010111 2 19.7
011110010100 2 17.9
000001101011 2 16.1
101101110000 2 17.9
001110001000 2 16.1
110000111011 2 19.7
100101011111 2 16.1
011011111111 2 14.3
100101110110 2 19.7
010000111110 2 17.9
111100010001 2 16.1
110100110010 2 19.7
110110101000 2 16.1
011000010110 2 19.7
011101010001 2 17.9
000110100001 2 17.9
100010010011 2 16.1
010110111101 2 17.9
111110011001 2 16.1
101100111000 2 19.7
011000001001 2 19.7
111011110111 2 14.3
100011110100 2 17.9
101000011110 2 17.9
001010000011 2 16.1
101000001110 2 17.9
010111001100 2 17.9
010001110010 2 21.5
000100111001 2 17.9
011011011100 2 16.1
100100100111 2 16.1
110011001010 2 17.9
001110001001 2 19.7
110100011000 2 17.9
001101101100 2 14.3
111111011110 2 14.3
100001110011 2 17.9
001010100001 2 14.3
000110111010 2 17.9
101001110111 2 17.9
011100010010 2 19.7
001101101000 2 16.1
110101001110 2 17.9
000011001110 2 17.9
000101001100 2 17.9
101110010001 2 19.7
101000110010 2 19.7
001011101101 2 19.7
011000010111 2 17.9
110111101100 2 17.9
010100101101 2 19.7
011010001101 2 19.7
000011000010 2 16.1
101100001100 2 19.7
001011010001 2 17.9
011111111011 2 14.3
100010100110 2 21.5
010111100110 2 19.7
000000010101 2 12.5
101011000101 2 17.9
011100110001 2 17.9
100000101011 2 14.3
101001100000 2 19.7
001001100111 2 16.1
100010101001 2 17.9
100011101001 2 19.7
001110101110 2 17.9
111100010110 2 19.7
111101101100 2 14.3
100111011000 2 19.7
111111001101 2 17.9
110111100100 2 17.9
001001000111 2 16.1
100001011110 2 17.9
010100111111 2 16.1
111010011010 2 16.1
011101100110 2 17.9
001101100010 2 17.9
100000011001 2 16.1
001100001011 2 17.9
010111111111 2 12.5
000110000101 2 17.9
010011101111 2 17.9
001110010110 2 19.7
100111011111 2 17.9
011010100011 2 17.9
011100010000 2 16.1
111000111110 2 16.1
101101101100 2 14.3
000001010001 2 16.1
101100010011 2 19.7
111101001111 2 16.1
101010100001 2 14.3
001001110111 2 16.1
111111111010 2 12.5
111000101111 2 17.9
110001000100 2 14.3
001101111010 2 17.9
000110110100 2 17.9
100110001001 2 19.7
110010001011 2 19.7
100010111111 2 16.1
110010110100 2 17.9
011100110011 2 17.9
111101000101 2 16.1
100110000111 2 16.1
000000101110 2 16.1
110111100011 2 17.9
001100110000 2 16.1
011011001101 2 19.7
001000100101 2 17.9
010001101111 2 17.9
011100010110 2 19.7
010110111001 2 19.7
100010001100 2 17.9
000101110110 2 17.9
000101111101 2 19.7
100001111101 2 17.9
010110001010 2 17.9
000001000000 2 10.8
011110000101 2 17.9
000011101000 2 17.9
111011111110 2 14.3
000111010100 2 16.1
111101110100 2 14.3
000011010011 2 19.7
001100001100 2 17.9
110010001100 2 17.9
110001110011 2 17.9
110101011111 2 12.5
111101111011 2 12.5
110000101011 2 16.1
000101100000 2 17.9
101110100100 2 17.9
111111001111 2 14.3
001000101011 2 16.1
010010110110 2 17.9
100101011100 2 17.9
001100101110 2 19.7
111001001100 2 17.9
101000010111 2 19.7
011001100000 2 16.1
101111101110 2 17.9
010100000011 2 16.1
111010001111 2 17.9
111111100111 2 14.3
111010010001 2 17.9
001100011011 2 16.1
100110001011 2 19.7
101001110000 2 19.7
010101111000 2 16.1
001011000000 2 16.1
110100101100 2 17.9
110001011111 2 16.1
100000111001 2 17.9
111101011001 2 19.7
100100000100 2 16.1
011000100001 2 19.7
111000001101 2 17.9
000000011001 2 16.1
110111011100 2 14.3
010101111011 2 17.9
110110001000 2 16.1
101100110110 2 19.7
101011011100 2 17.9
101100100101 2 17.9
100100011000 2 19.7
110000110001 2 16.1
011000011101 2 19.7
011011011110 2 16.1
111001111011 2 17.9
100000000110 2 14.3
100011010111 2 17.9
111010101001 2 16.1
001001110001 2 19.7
001011101111 2 14.3
011001100110 2 14.3
011010011101 2 19.7
110011000010 2 19.7
011000010011 2 19.7
010000011101 2 21.5
001011100010 2 19.7
100000110011 2 17.9
000000000101 2 12.5
100001100001 2 14.3
101111000101 2 21.5
100111101000 2 17.9
111111010001 2 16.1
000001011100 2 16.1
111011011010 2 12.5
100100001100 2 19.7
000101101010 2 16.1
111100110010 2 17.9
010000001101 2 19.7
001111000101 2 19.7
111111011001 2 16.1
101001001110 2 17.9
101001111111 2 16.1
100101100001 2 19.7
100011110011 2 17.9
000101001000 2 14.3
001110100101 2 17.9
100111101001 2 19.7
000110000010 2 17.9
111001100101 2 17.9
001110111011 2 14.3
011000010010 2 19.7
110111110011 2 17.9
010001111010 2 21.5
011101010000 2 16.1
010000110111 2 19.7
000110110000 2 17.9
101100001000 2 19.7
111010001110 2 17.9
001100001101 2 19.7
110111010011 2 17.9
110101011000 2 16.1
010011110100 2 19.7
000110100011 2 17.9
100010011100 2 17.9
001101100110 2 17.9
100111000100 2 19.7
100011001100 2 17.9
001000100110 2 17.9
011100011011 2 19.7
011110011100 2 17.9
011101101000 2 17.9
111111000101 2 16.1
111111100110 2 16.1
101100110000 2 17.9
100111110010 2 19.7
100000011000 2 14.3
010110111000 2 17.9
001110011100 2 14.3
001110110111 2 14.3
101111111100 2 16.1
101010110000 2 16.1
010110100101 2 17.9
000100111101 2 19.7
010001110011 2 19.7
110110001001 2 19.7
001000000010 2 17.9
111101010001 2 16.1
000101011000 2 16.1
101100001011 2 19.7
101001000000 2 14.3
000010000001 2 14.3
011010110110 2 17.9
110110010001 2 17.9
011111001011 2 17.9
111011110010 2 19.7
110011111110 2 14.3
011101100101 2 19.7
000010001100 2 16.1
011001011101 2 19.7
110001111110 2 16.1
110010101111 2 16.1
101011000111 2 17.9
100100100000 2 14.3
110101000101 2 16.1
001001100000 2 17.9
000001110010 2 17.9
110010011111 2 16.1
001101000111 2 17.9
100001000000 2 14.3
100011110110 2 19.7
001110011101 2 16.1
010000110100 2 19.7
101111000100 2 21.5
001011100101 2 17.9
011101000101 2 17.9
110011011000 2 17.9
011111100110 2 16.1
000100011101 2 17.9
011100001000 2 17.9
110110100001 2 16.1
010000011000 2 17.9
110110011110 2 17.9
011011100011 2 19.7
110000111010 2 19.7
001100110100 2 17.9
011110001000 2 16.1
101100111001 2 21.5
111101000110 2 19.7
001110001010 2 17.9
011101011110 2 17.9
001001111101 2 19.7
011101111111 2 14.3
000101111010 2 19.7
010000011110 2 17.9
010010110111 2 16.1
001110100010 2 19.7
111111010111 2 14.3
110000111101 2 19.7
001000011101 2 19.7
101010100000 2 12.5
000011100101 2 19.7
101111111001 2 17.9
000111010110 2 19.7
010011100010 2 21.5
001010110010 2 17.9
011111101001 2 17.9
110000100010 2 16.1
001000101110 2 17.9
000000001000 2 12.5
110100001111 2 16.1
110000110111 2 17.9
110011100010 2 19.7
001110111010 2 14.3
011110110010 2 19.7
010000100010 2 17.9
001010111011 2 16.1
111111001010 2 16.1
111100110100 2 17.9
111000100101 2 17.9
110001011000 2 17.9
110100100110 2 19.7
000000110110 2 16.1
011100111010 2 17.9
001111100101 2 19.7
000011011010 2 16.1
111000010010 2 17.9
111000100111 2 17.9
110100001011 2 17.9
011101101010 2 17.9
011101001100 2 19.7
011110100100 2 16.1
000010001011 2 14.3
100110111100 2 19.7
101000000001 2 14.3
011001000001 2 17.9
010101100111 2 17.9
101100010101 2 19.7
101111111110 2 14.3
111100010010 2 17.9
110000110100 2 17.9
010101110000 2 16.1
110000101110 2 19.7
110111100010 3 19.7
001110001100 3 17.9
000101000111 3 17.9
110011011110 3 17.9
010011011100 3 19.7
011010001111 3 19.7
011110011111 3 14.3
000001101101 3 16.1
110100011011 3 17.9
101001010000 3 16.1
011000011000 3 16.1
011011000010 3 21.5
100001110100 3 17.9
100000001100 3 14.3
011110010011 3 17.9
001000001011 3 17.9
000000100001 3 14.3
110110101110 3 17.9
110101101000 3 16.1
011001101100 3 17.9
110111011000 3 17.9
110111111100 3 16.1
101100100000 3 17.9
001010111100 3 16.1
011000000001 3 14.3
111001101001 3 19.7
110101001000 3 14.3
001110111110 3 16.1
010111101001 3 21.5
111000100110 3 19.7
111011100100 3 16.1
001010111111 3 12.5
110101101100 3 16.1
001010111110 3 14.3
110000100000 3 12.5
110100010000 3 14.3
110000000101 3 16.1
110001100111 3 17.9
111001000110 3 19.7
110000011001 3 16.1
110100101110 3 17.9
000000100011 3 14.3
111111110010 3 16.1
100110000001 3 16.1
111010000110 3 17.9
101110110000 3 17.9
110111111111 3 12.5
100101100000 3 19.7
001001110011 3 16.1
000101001101 3 19.7
110011111001 3 17.9
111000101000 3 17.9
111001100001 3 17.9
111110100100 3 14.3
000110011010 3 17.9
011100101010 3 17.9
111101010100 3 12.5
100000001000 3 14.3
100011100100 3 19.7
010101111100 3 16.1
011110101000 3 16.1
010110101010 3 16.1
100000000100 3 14.3
101001111000 3 19.7
000101110101 3 17.9
000001001011 3 16.1
111010011111 3 17.9
000110000110 3 16.1
000001101100 3 16.1
001110000010 3 19.7
111110001111 3 14.3
100100101100 3 17.9
011011011000 3 16.1
001101110100 3 19.7
001101001111 3 19.7
110000010100 3 16.1
100011011111 3 16.1
010011110011 3 19.7
001101000000 3 16.1
100011100101 3 21.5
110011110001 3 17.9
011111001100 3 17.9
011000100000 3 17.9
010111110111 3 16.1
100001111001 3 17.9
110100100000 3 16.1
011011001100 3 17.9
011110001111 3 16.1
100010011001 3 17.9
001000010000 3 12.5
011111101100 3 16.1
111001111111 3 14.3
010111001000 3 17.9
110000101000 3 16.1
111110010100 3 16.1
100011101111 3 16.1
110001000010 3 17.9
010111000111 3 17.9
001010001111 3 16.1
110100100100 3 14.3
000110011000 3 14.3
010011111100 3 17.9
110000110110 3 19.7
100100001101 3 21.5
001011110110 3 19.7
111110101111 3 14.3
011101001001 3 17.9
000011000011 3 14.3
100000000101 3 14.3
000000000010 3 12.5
010011000000 3 17.9
000010000011 3 14.3
100100100110 3 17.9
101100111111 3 17.9
000100111110 3 16.1
010001001111 3 17.9
101000100001 3 16.1
000001100110 3 16.1
111000010001 3 17.9
011101110100 3 16.1
001001100110 3 16.1
011101001110 3 17.9
010011110101 3 19.7
000110101101 3 19.7
000001011011 3 14.3
111001011111 3 16.1
100010110100 3 17.9
111000110011 3 17.9
101100000010 3 19.7
111110000101 3 16.1
000110001011 3 17.9
010000010111 3 19.7
000111101001 3 19.7
110111100001 3 17.9
110001000111 3 16.1
011111001101 3 19.7
011000011001 3 17.9
110001011110 3 17.9
011001000000 3 16.1
101111100001 3 17.9
001100100011 3 17.9
101001111001 3 21.5
110110001111 3 17.9
010011110010 3 21.5
000010110110 3 16.1
000011110101 3 16.1
100010110010 3 19.7
110100100010 3 17.9
110100000010 3 17.9
001011010000 3 16.1
011111110011 3 14.3
110000010001 3 16.1
100011100001 3 17.9
001010110011 3 16.1
111111111011 3 12.5
110010110001 3 19.7
000101101100 3 16.1
001011100100 3 17.9
000000101100 3 16.1
010010011000 3 17.9
110001001000 3 14.3
111100101000 3 17.9
001110011110 3 17.9
001110011001 3 17.9
100010000000 3 14.3
001110001011 3 17.9
100000101110 3 17.9
001110000101 3 19.7
000110000001 3 14.3
110011100100 3 16.1
010010111001 3 19.7
010000101111 3 19.7
010000111001 3 21.5
010001011110 3 17.9
111101110111 3 10.8
000111011001 3 19.7
100101000011 3 17.9
001011111011 3 17.9
100000001101 3 16.1
010011101101 3 21.5
010111110001 3 17.9
000010100011 3 16.1
001010111101 3 17.9
010111000110 3 19.7
011111011110 3 16.1
011110001010 3 17.9
101111001100 3 19.7
100010011111 3 17.9
011100000101 3 17.9
100100000110 3 19.7
011011001011 3 17.9
001110110011 3 17.9
111000110010 3 19.7
000011001010 3 19.7
000110110110 3 16.1
110011000111 3 17.9
000000001001 3 14.3
010000100111 3 19.7
110000010101 3 16.1
000000001100 3 14.3
011001111100 3 16.1
010000111000 3 17.9
001011010011 3 17.9
000110011110 3 17.9
101000111100 3 19.7
000101101101 3 16.1
010001101110 3 19.7
111011100011 3 16.1
101110101111 3 16.1
110001001110 3 17.9
011111010100 3 14.3
001010101111 3 12.5
001001111000 3 17.9
001111111101 3 16.1
001000111010 3 19.7
111001100111 3 14.3
001000011100 3 17.9
000110011011 3 16.1
001101100111 3 17.9
000011011000 3 17.9
101110010100 3 19.7
100001011011 3 16.1
110010111100 3 17.9
011011110011 3 19.7
000001110101 3 16.1
111111011011 3 12.5
001110100001 3 17.9
110100010001 3 16.1
110000110011 3 17.9
101101101000 3 16.1
111101100001 3 16.1
110001010111 3 16.1
111010111000 3 17.9
110000001001 3 17.9
110010001111 3 17.9
001110111101 3 17.9
111100010101 3 16.1
001101000011 3 17.9
011110011110 3 14.3
000111011010 3 17.9
001101111011 3 17.9
000110001110 3 17.9
110101100100 3 17.9
111101001001 3 16.1
110000000100 3 16.1
101100011010 3 19.7
100000110000 3 14.3
100100101111 3 16.1
010011011001 3 19.7
011111000110 3 17.9
110110000100 3 17.9
111010001001 3 17.9
011100001011 3 17.9
111110100110 3 17.9
001000110111 3 17.9
011101000111 3 17.9
000010111101 3 19.7
110101000111 3 16.1
101100100110 3 19.7
000101100111 3 17.9
111100101001 4 19.7
000101110000 4 17.9
111000100100 4 16.1
001110100111 4 17.9
111001011000 4 17.9
011111101111 4 14.3
111011111000 4 16.1
011111100111 4 14.3
101111010111 4 16.1
010011100000 4 17.9
100111000010 4 21.5
000011101100 4 17.9
101000111001 4 19.7
011000001011 4 17.9
100011100011 4 16.1
111001000111 4 17.9
011000011100 4 17.9
100000111010 4 17.9
101101000000 4 16.1
111000100010 4 16.1
100011011100 4 17.9
010010110011 4 17.9
100001110001 4 17.9
111011101000 4 14.3
111011000100 4 17.9
111110010001 4 17.9
010100011111 4 16.1
110001101000 4 16.1
101110111111 4 14.3
111000000010 4 16.1
011100100111 4 17.9
110101000100 4 16.1
100111000111 4 16.1
100101000111 4 19.7
001111011110 4 14.3
011110000010 4 17.9
000111001011 4 17.9
000100001110 4 17.9
011111001010 4 17.9
110010000001 4 16.1
001111011111 4 12.5
010000010011 4 17.9
001101001100 4 17.9
011011110110 4 17.9
101110001111 4 16.1
111001000011 4 17.9
000011001011 4 17.9
111011001000 4 14.3
111011000011 4 17.9
111100011100 4 14.3
111011000010 4 19.7
000110111101 4 19.7
010001011111 4 16.1
100001101110 4 17.9
010000001110 4 17.9
100110011100 4 17.9
000101101110 4 17.9
011100100000 4 16.1
110100000011 4 16.1
100011101100 4 19.7
000110000000 4 14.3
110000001101 4 17.9
101010001111 4 16.1
011001110000 4 17.9
111100100010 4 17.9
110100111011 4 17.9
100000010000 4 14.3
100011110111 4 17.9
011111110010 4 16.1
001111101010 4 16.1
110010110000 4 19.7
101111011000 4 19.7
110000100110 4 19.7
010111011000 4 17.9
100111110001 4 17.9
001100000110 4 17.9
011100110000 4 17.9
110000011101 4 17.9
111000110001 4 14.3
100011000011 4 16.1
100000011100 4 16.1
001000111101 4 21.5
111001000010 4 19.7
000010011101 4 17.9
110110001100 4 16.1
101110100001 4 17.9
100111111111 4 12.5
001011001111 4 17.9
111000110101 4 17.9
001100111110 4 17.9
110100000001 4 14.3
001000011110 4 17.9
111100001101 4 17.9
111101000011 4 17.9
000011000110 4 16.1
001101101111 4 14.3
100010001111 4 16.1
000001000011 4 12.5
000100010111 4 14.3
010010000111 4 17.9
111100011111 4 14.3
011111111010 4 14.3
101101100100 4 16.1
001001111110 4 16.1
010011011110 4 19.7
001100101111 4 17.9
110100100001 4 17.9
000010100111 4 17.9
011011000011 4 19.7
111010000111 4 17.9
100110001000 4 16.1
000110101111 4 17.9
111110110100 4 16.1
001110001110 4 16.1
111100111111 4 14.3
111101011000 4 17.9
001011100111 4 17.9
101000101111 4 16.1
111011001100 4 16.1
011100111000 4 14.3
001000010111 4 17.9
111100011011 4 17.9
000111000100 4 17.9
110001100001 4 17.9
000000010001 4 14.3
001111111010 4 16.1
011010111000 4 19.7
111111110100 4 12.5
001000110011 4 17.9
011110111001 4 19.7
110011011111 4 16.1
001011110011 4 17.9
110000101111 4 17.9
111001100011 4 17.9
010001010111 4 17.9
001011110001 4 17.9
100100011111 4 17.9
110000000010 4 16.1
000110011001 4 14.3
100001001110 4 17.9
100001100000 4 14.3
010001000000 4 14.3
110000100011 4 16.1
000000110000 4 14.3
111110010010 4 16.1
100011010000 4 16.1
111001100100 4 16.1
000110011100 4 17.9
001011000011 4 17.9
000111101101 4 17.9
100000110001 4 16.1
001011110100 4 17.9
100111100111 4 16.1
000111101011 4 16.1
110101111000 4 16.1
100101110000 4 19.7
101000011000 4 17.9
100000001001 4 16.1
100110001111 4 17.9
000010010000 4 14.3
100010111001 4 19.7
111110011111 4 14.3
010010001111 4 17.9
000011011011 5 14.3
001100010111 5 17.9
010001111100 5 17.9
111001111100 5 16.1
100111000001 5 17.9
111101111100 5 14.3
000011100110 5 17.9
000100111011 5 17.9
111000001001 5 17.9
111110111010 5 14.3
001011111100 5 16.1
011100000001 5 14.3
010010111111 5 16.1
111100101100 5 19.7
100100000000 5 14.3
010000111100 5 19.7
110101100000 5 16.1
111000001011 5 16.1
111000010110 5 19.7
010110000111 5 19.7
100110111000 5 19.7
001000101111 5 16.1
101110010000 5 17.9
111000011101 5 17.9
111000010011 5 17.9
000111000001 5 16.1
110000110010 5 19.7
111111110111 5 12.5
001101111100 5 16.1
010011111111 5 16.1
111101101000 5 16.1
101110000100 5 19.7
011001111000 5 16.1
010111111110 5 14.3
110010000011 5 16.1
001100111000 5 17.9
010001111000 5 17.9
001111110011 5 16.1
101000000000 5 12.5
111010001000 5 14.3
000100110111 5 14.3
110101110000 5 16.1
100110110000 5 19.7
001100000011 5 16.1
010000110011 5 19.7
101100000001 5 16.1
101111100100 5 19.7
110011001000 5 16.1
000011100010 5 16.1
111110001011 5 16.1
011111101110 5 16.1
000110110111 5 14.3
110001111001 5 17.9
100000011011 5 16.1
100001000111 5 17.9
000111000110 5 16.1
010010101111 5 17.9
111110011100 5 16.1
100100110000 5 19.7
100011001111 5 17.9
001101110000 5 17.9
001100111101 5 19.7
100110011111 5 16.1
100101111000 5 19.7
111011111111 5 12.5
100001100110 5 17.9
000011011100 5 17.9
110111000001 5 17.9
011101111000 5 17.9
110001111111 5 14.3
000010101110 5 16.1
011011010000 5 16.1
000001011101 5 16.1
100001010111 5 16.1
100100000011 5 17.9
011111100001 5 14.3
110101000000 5 12.5
001011111101 5 17.9
011000111110 5 17.9
100000001011 5 14.3
011110110001 5 17.9
101100001111 5 17.9
111100111100 5 14.3
011010110001 5 19.7
001101111000 5 17.9
111010000010 5 19.7
001111001101 5 19.7
110100011111 5 16.1
100111010000 5 19.7
100001110111 5 16.1
111111001100 5 16.1
011100111111 5 16.1
011101000010 5 21.5
000101110011 5 17.9
001101111110 5 16.1
111111101111 5 12.5
110001100011 5 14.3
111111100011 5 14.3
000111010111 5 17.9
110011101000 5 17.9
010000111010 5 21.5
000101111011 5 17.9
001110110000 5 17.9
111100100011 5 17.9
111000110100 5 17.9
100110000000 6 16.1
101111100011 6 19.7
011111100010 6 17.9
111010011000 6 17.9
000111010000 6 17.9
101111100010 6 21.5
011100000110 6 17.9
111001001000 6 14.3
100000111011 6 17.9
101110111000 6 16.1
000000111001 6 16.1
111100001011 6 16.1
110011000001 6 17.9
011110000110 6 17.9
110000111110 6 16.1
001110010000 6 16.1
011110111000 6 17.9
110011100001 6 17.9
000111010011 6 17.9
001001011111 6 14.3
110110000001 6 16.1
011100011000 6 17.9
011110011000 6 17.9
110001000000 6 14.3
011011111100 6 17.9
100000100111 6 17.9
110000011011 6 17.9
111100100001 6 17.9
000000010011 6 14.3
011101100000 6 17.9
011000000000 6 12.5
001100111100 6 17.9
110000001000 6 14.3
001000100111 6 17.9
011000001100 6 17.9
000010111011 6 16.1
000110010111 6 17.9
110010000110 6 19.7
000000111010 6 16.1
011000100111 6 19.7
010111111000 6 16.1
100011000111 6 14.3
101000111111 6 16.1
110110000011 6 17.9
000111001100 6 17.9
111011000001 6 16.1
111000101100 6 17.9
111110100001 6 16.1
100111000011 6 17.9
000111011101 6 16.1
001111101111 6 14.3
010010011111 6 16.1
000010011100 6 16.1
110010000111 6 17.9
100111100001 6 17.9
111111111001 6 12.5
001000111011 6 21.5
000000011101 6 16.1
110110011000 6 16.1
110000111001 6 17.9
000111101010 6 16.1
000110100111 6 17.9
100011100111 6 17.9
000100011110 6 16.1
000101110111 6 14.3
000111001101 6 19.7
111100010100 6 16.1
110011010000 6 17.9
101110000110 6 19.7
110011000011 6 17.9
111111111101 6 12.5
111101100100 6 16.1
011111011000 6 17.9
110110000010 6 19.7
000111110110 6 17.9
001011100011 6 17.9
010110000011 6 19.7
011111010001 6 17.9
111101001000 6 14.3
000000011000 6 14.3
111101000100 6 16.1
011111000010 6 17.9
001000111110 6 17.9
100010000011 6 16.1
000001001110 6 16.1
001100011100 6 17.9
111101000111 6 17.9
001111011000 6 17.9
001110111100 6 16.1
011010000011 7 19.7
001001111100 7 17.9
000011100001 7 16.1
111111000110 7 16.1
001000111100 7 19.7
111111000111 7 14.3
001011011111 7 16.1
000000001101 7 16.1
110111000011 7 19.7
011011100000 7 17.9
101100001110 7 19.7
101111000010 7 21.5
111011010000 7 14.3
001110111000 7 16.1
101100000011 7 17.9
010100000111 7 16.1
110000010000 7 14.3
111000100011 7 16.1
000001110100 7 16.1
001110100011 7 17.9
001111110010 7 17.9
011000001110 7 17.9
011110100001 7 17.9
101100000110 7 19.7
001110001101 7 19.7
100000000001 7 10.8
001001001111 7 14.3
101011010000 7 16.1
011110001100 7 17.9
000011101101 7 17.9
000010111000 7 17.9
001111111011 7 16.1
011011110001 7 19.7
110001100000 7 16.1
110100111000 7 17.9
111010001100 7 17.9
011001000111 7 19.7
000111101110 7 17.9
001010011111 7 16.1
101011100000 7 16.1
011101111110 7 16.1
110001110001 7 16.1
000101101111 7 16.1
111101010000 7 14.3
010001000111 7 16.1
001111110100 7 16.1
111000010100 7 16.1
111111010100 7 12.5
111010000001 7 16.1
101111000001 7 17.9
000010111100 7 17.9
010111100000 7 16.1
000111011110 7 17.9
001010001011 7 16.1
110000100111 7 17.9
111101000010 7 19.7
110110000111 7 17.9
101100000111 7 17.9
000011101110 7 16.1
111111110011 7 14.3
011011000000 8 16.1
001110000001 8 16.1
100111111000 8 16.1
001110000110 8 17.9
001100000000 8 14.3
010001111110 8 17.9
000111110010 8 17.9
111111101100 8 14.3
111110101000 8 14.3
100001001111 8 17.9
000001100011 8 16.1
000011100100 8 17.9
110001110000 8 14.3
001111010000 8 17.9
011110000111 8 16.1
001011111110 8 14.3
001001111111 8 14.3
000000110011 8 16.1
100001011111 8 16.1
110100110000 8 17.9
101110100000 8 16.1
010100001111 8 16.1
001111100100 8 17.9
111110001100 8 16.1
110000010011 8 16.1
111111011100 8 14.3
011111000100 8 17.9
011111000111 8 16.1
011011111000 8 17.9
000110000011 8 16.1
110001111100 8 16.1
001111011100 8 16.1
011111000011 8 16.1
011100001110 8 17.9
001110011111 8 16.1
000011010111 8 17.9
100010101111 8 16.1
001111110001 8 16.1
000001010111 8 14.3
101111000110 8 21.5
001001000000 8 12.5
000011110110 8 17.9
101111000011 8 19.7
001110100000 8 16.1
000001110110 8 17.9
111110001110 8 16.1
000111111011 8 16.1
000000100000 8 10.8
000101111110 8 16.1
011111001000 8 16.1
001000000000 8 12.5
010111000000 8 16.1
001011110000 9 16.1
111010010000 9 16.1
100000111101 9 17.9
100110000011 9 16.1
001100111111 9 16.1
001000000011 9 16.1
001111001100 9 17.9
101110011000 9 17.9
000100000000 9 12.5
000010010111 9 16.1
000000000100 9 12.5
011100001100 9 17.9
000011000000 9 14.3
101110000111 9 17.9
100001101111 9 16.1
100011111000 9 16.1
011111001110 9 16.1
110100000111 9 16.1
010011110000 9 17.9
110000110000 9 14.3
001110011000 9 17.9
000011111010 9 16.1
110000111100 9 17.9
011101110000 9 16.1
101011110000 9 16.1
111100010011 9 17.9
000111011000 9 17.9
100000010111 9 16.1
001101111111 9 14.3
011011110000 9 17.9
001111111001 9 16.1
000010000000 9 12.5
000011110100 9 16.1
101000000111 9 16.1
011000111100 9 17.9
000000011100 9 14.3
111111110001 9 12.5
011111100100 9 16.1
000000011011 9 14.3
011000001111 9 16.1
000110111000 9 17.9
001100100111 9 17.9
110111010000 9 16.1
111110000110 9 16.1
000001111010 9 16.1
111010110000 9 17.9
100010111100 9 19.7
000101011111 10 14.3
100000111100 10 16.1
000111000011 10 14.3
100000101111 10 16.1
000010011110 10 16.1
100011111111 10 12.5
010010110001 10 19.7
110000011000 10 16.1
000111111010 10 16.1
111000111111 10 14.3
100001111110 10 14.3
001111100011 10 16.1
100001110000 10 16.1
000111101100 10 17.9
111101111111 10 12.5
110011111100 10 16.1
011110001110 10 17.9
100011111100 10 16.1
000101001111 10 17.9
110000001100 10 16.1
000110111100 10 17.9
100100001111 10 17.9
100000000011 10 12.5
100001111000 10 16.1
100111100011 10 17.9
100111011100 10 17.9
001111000100 10 19.7
110111000010 10 21.5
011000000011 10 16.1
000111100110 10 16.1
110110100000 10 14.3
000101111100 10 17.9
011110010000 10 16.1
011000111111 10 16.1
110000010111 10 17.9
011101000000 10 16.1
101000011111 10 16.1
100011000000 10 16.1
110110010000 10 16.1
001111000010 10 19.7
000110111110 10 17.9
000000111000 10 14.3
110111001000 10 17.9
111110111111 11 10.8
100011100000 11 16.1
011110110000 11 17.9
010011110001 11 19.7
110000011110 11 16.1
001111100111 11 16.1
111100001110 11 16.1
011111110001 11 14.3
100000111000 11 16.1
101111010000 11 19.7
110011111111 11 14.3
100000011110 11 14.3
000101111000 11 17.9
111100000101 11 16.1
001011000111 11 17.9
001111101100 11 16.1
000111100100 11 17.9
110001111000 11 16.1
111010000011 11 17.9
000111011100 11 16.1
000111001110 11 14.3
110111111000 11 16.1
001111001011 11 17.9
001111110111 11 14.3
111001000001 11 17.9
000110000111 12 14.3
001000000111 12 16.1
100010000111 12 17.9
100001111100 12 16.1
111010100000 12 14.3
100100000111 12 17.9
010001111111 12 16.1
000000001011 12 12.5
011001111110 12 16.1
001011111000 12 16.1
000001111001 12 16.1
111001111000 12 14.3
111001010000 12 17.9
011100000011 12 16.1
111101111000 12 14.3
000011110010 12 17.9
100011110000 12 16.1
111101000001 12 16.1
000111101000 12 17.9
001100001110 12 17.9
110000001110 13 16.1
111000000110 13 16.1
100111110000 13 16.1
011111101000 13 16.1
000111000000 13 14.3
101111111000 13 16.1
001111001111 13 14.3
100000110111 13 16.1
111000000100 13 16.1
100111000000 13 16.1
111111100100 13 14.3
111100001111 13 14.3
000011100011 13 14.3
000001101110 13 17.9
110011111000 13 16.1
101110000001 13 17.9
110000001011 13 16.1
111100111000 14 14.3
000111111001 14 16.1
011100000111 14 16.1
111111100001 14 12.5
000111110100 14 16.1
011100001111 14 16.1
011000011111 14 16.1
111000011100 14 16.1
010011111000 14 17.9
000111100001 14 16.1
010000000000 14 12.5
011110000100 14 17.9
001111100110 14 16.1
000011100000 14 14.3
010000000111 14 16.1
000010110011 14 17.9
001111001000 15 17.9
110000111000 15 14.3
000010111110 15 16.1
000010000111 15 14.3
000100101111 15 14.3
111110111000 15 16.1
101110000011 15 17.9
000111110001 15 16.1
000001110001 15 16.1
110010000000 15 14.3
001110000011 15 16.1
111000011110 15 16.1
111100001100 15 16.1
101000001111 15 16.1
001011111111 15 12.5
111000001110 15 16.1
110000011100 15 16.1
000100000111 15 16.1
011110100000 16 16.1
111000011000 16 14.3
111100000110 16 16.1
100111100010 16 19.7
110011000000 16 16.1
000000111101 16 16.1
000010110111 16 14.3
000110011111 17 16.1
001111100010 17 17.9
111110000111 17 14.3
000011110001 17 16.1
001100000111 17 16.1
001111101110 17 16.1
000011011110 17 17.9
111000011111 17 14.3
111000111100 17 14.3
000001110000 17 14.3
011000000111 17 16.1
001111000001 17 16.1
101110000010 18 21.5
111110011000 18 16.1
000001011110 18 16.1
100000111110 18 14.3
111111000100 18 16.1
111000010000 18 14.3
011111000001 18 14.3
101100000000 18 16.1
000000001110 18 12.5
110000111111 19 14.3
111000111000 19 14.3
000000111100 19 14.3
110000000001 19 12.5
000000100111 20 16.1
001111101000 20 17.9
001111000110 20 17.9
010111110000 20 16.1
111100011000 20 16.1
110100000000 20 12.5
111001110000 21 16.1
110011100000 21 16.1
011110000011 21 16.1
000010101111 21 14.3
000110111111 21 16.1
001111000011 21 17.9
011110000001 21 14.3
000001110011 21 16.1
111000001000 21 16.1
000001000111 21 16.1
111100000100 21 16.1
111111000011 21 14.3
100001111111 21 12.5
001111001110 21 16.1
000110001111 21 16.1
001111100001 21 16.1
001110000000 22 14.3
011111111110 22 10.8
111000100000 22 16.1
000111111101 23 16.1
000111100010 23 17.9
010000111111 23 16.1
110011110000 23 16.1
111100000010 23 16.1
111000110000 23 14.3
001111111110 24 12.5
000001111000 24 14.3
001110001111 24 14.3
111110001000 24 14.3
000011000111 24 14.3
001100011111 24 16.1
000011111001 25 16.1
111101110000 25 14.3
111110000100 25 16.1
111001100000 25 16.1
000111110111 26 16.1
000011111101 26 16.1
000111101111 26 14.3
111111000010 26 16.1
111000001100 26 16.1
001100001111 26 16.1
000111000111 27 14.3
101111110000 27 16.1
001110000111 27 16.1
000001100111 27 16.1
011100000000 28 12.5
001111000111 28 14.3
000000111011 28 16.1
001000001111 28 16.1
000111100011 28 16.1
011111111100 29 12.5
111111101000 29 14.3
110111000000 29 16.1
111100001000 29 16.1
011111010000 30 16.1
001000111111 30 16.1
000111011111 30 16.1
111011110000 31 16.1
111100110000 31 17.9
111001000000 32 16.1
000111110011 32 16.1
000011110000 33 14.3
111011100000 34 14.3
111111001000 34 14.3
000111100111 35 14.3
000011111011 35 16.1
000111001111 35 14.3
000000011110 37 12.5
101110000000 37 16.1
110110000000 37 14.3
010000001111 37 16.1
000100111111 37 14.3
000001111101 37 16.1
111111000001 37 12.5
110111110000 38 16.1
000011110011 38 16.1
000010001111 39 14.3
000000010111 39 14.3
000100001111 39 16.1
010000011111 40 16.1
111010000000 40 14.3
110000000011 40 14.3
000001111011 41 16.1
000101111111 42 14.3
111110000010 43 16.1
111000001111 43 14.3
111100000111 44 14.3
001000011111 44 16.1
000100011111 44 14.3
000011100111 44 16.1
111111011000 45 16.1
100000000111 46 12.5
111100010000 49 14.3
000000111110 49 12.5
000000110111 49 14.3
100111100000 51 16.1
011111111000 52 12.5
000011110111 52 16.1
000001110111 52 14.3
111110000011 52 14.3
111011000000 53 14.3
100000000000 54 9.0
011110000000 54 12.5
111100000011 54 14.3
111100100000 55 16.1
001111111100 55 14.3
111110010000 55 16.1
000011001111 56 17.9
100000111111 57 12.5
000001001111 57 16.1
000011101111 58 14.3
110000011111 58 14.3
111110110000 59 16.1
111101100000 59 16.1
000001111100 63 14.3
000111100000 63 14.3
001111000000 63 14.3
110111100000 63 16.1
111110000001 66 12.5
011111111111 66 9.0
000001101111 71 16.1
000111110000 71 14.3
000000000001 73 9.0
000011111000 74 14.3
111111111100 77 10.8
111000000001 77 12.5
000000101111 82 14.3
000111111110 85 12.5
000000000011 87 10.8
000011111100 88 14.3
000010111111 91 14.3
101111000000 92 16.1
111111111111 95 3.6
111000000011 95 14.3
111000000111 96 14.3
111100000001 96 12.5
000111111100 97 14.3
000011111110 101 12.5
111111111110 101 9.0
111111010000 102 14.3
000011011111 102 16.1
110000001111 102 14.3
000111111000 105 14.3
001111111000 105 14.3
100000011111 106 12.5
001111111111 110 10.8
110000000111 111 14.3
111101000000 113 14.3
111110100000 115 14.3
000001111110 116 12.5
110000000000 121 10.8
100000001111 132 12.5
011111100000 132 12.5
011111110000 141 12.5
011111000000 143 12.5
001111110000 143 14.3
111111111000 144 10.8
000001011111 158 14.3
001111100000 160 14.3
000010011111 165 16.1
101111100000 180 16.1
000000000111 259 10.8
000111111111 290 10.8
111000000000 339 10.8
111111110000 423 10.8
000011111111 849 10.8
111100000000 897 10.8
111111100000 1350 10.8
000000001111 1372 10.8
000000011111 1927 10.8
111110000000 1981 10.8
000001111111 2005 10.8
000000000000 2933 3.6
111111000000 3485 10.8
000000111111 4962 10.8