00101111100 1 15.6
01000101000 1 15.6
00111001100 1 17.3
00000110110 1 15.6
01000010010 1 17.3
11001110010 1 15.6
10011101000 1 17.3
00001000011 1 12.1
10101111000 1 15.6
01000011011 1 19.0
10001101011 1 17.3
01000010110 1 20.8
00001111010 1 15.6
00101011101 1 15.6
00011010001 1 17.3
11000100010 1 13.8
00011001010 1 17.3
11001110001 2 17.3
01101101001 2 17.3
00110110100 2 15.6
10011100011 2 15.6
00101110100 2 17.3
10111110100 2 17.3
10000111010 2 17.3
10000101111 2 15.6
10000101110 2 17.3
01110001001 2 19.0
10011110000 2 15.6
10010001001 2 17.3
10000110011 2 17.3
00011010010 2 17.3
10100011011 2 17.3
10111000010 2 20.8
11110101100 2 15.6
00000110011 2 15.6
01000110011 2 17.3
10101110100 2 15.6
00010110011 2 15.6
10010010001 2 15.6
01111010110 2 17.3
00000101101 2 15.6
11001100101 2 17.3
10010000110 3 19.0
01110111100 3 15.6
01000010011 3 17.3
00011110100 3 15.6
10000000101 3 13.8
00101000111 3 15.6
10011101110 3 17.3
10010111010 3 17.3
10100110100 3 15.6
11011100001 3 17.3
00010011000 3 15.6
11011100010 3 19.0
00111001000 3 15.6
11000111001 3 15.6
00011111001 3 15.6
00010011110 3 15.6
11010000011 3 15.6
01000100101 3 17.3
00111100010 3 17.3
01100001001 3 19.0
10001010011 3 17.3
00110011110 3 17.3
10111001010 3 17.3
10001100010 3 15.6
00101001001 3 15.6
01100111000 3 15.6
00010010111 3 13.8
00101010011 3 13.8
10010111001 3 17.3
00111000101 3 17.3
01110001000 3 15.6
01010110000 3 15.6
00101001011 3 13.8
10010110110 3 17.3
10000010010 3 15.6
00011010110 3 19.0
00110001101 3 15.6
11010001101 3 19.0
01001000110 3 19.0
10010011101 3 17.3
00111000100 3 17.3
10000011000 3 13.8
01001000001 3 15.6
10100001001 3 17.3
10001000110 3 17.3
01000100010 3 13.8
10101000111 3 15.6
10000010101 3 13.8
10011000111 3 15.6
00010011100 4 15.6
10001000111 4 15.6
01001110110 4 20.8
10010001101 4 20.8
10010110010 4 17.3
11011110000 4 15.6
01100011101 4 17.3
00101011100 4 13.8
10010000111 4 17.3
10010100001 4 17.3
00111101010 4 15.6
00011000110 4 15.6
00011010100 4 13.8
01110110001 4 17.3
10001111011 4 17.3
10000100100 4 13.8
10011001000 4 15.6
01101100010 4 17.3
00010010100 4 13.8
11001100010 4 17.3
10000110010 4 19.0
00010010101 4 13.8
10011101011 4 17.3
10111101000 4 19.0
01000111001 4 17.3
10100000010 4 17.3
10101001000 4 13.8
11101000011 4 17.3
00011000100 4 17.3
00100001001 4 15.6
11001000111 4 15.6
10001100001 4 15.6
01111000100 4 17.3
00101111000 4 15.6
00110011000 4 13.8
10000101101 4 17.3
10111100100 4 19.0
01110100001 4 17.3
00110001010 4 17.3
00011011010 4 15.6
11100101101 4 17.3
01010001001 4 17.3
00010101101 4 17.3
00101100100 4 13.8
01111100001 4 13.8
01101010000 4 15.6
00000100101 4 13.8
10001010010 4 19.0
10110100100 4 15.6
10110001110 4 19.0
00010111010 4 15.6
01011110100 4 17.3
01101100000 4 15.6
00010010011 4 12.1
10001100101 4 19.0
11000101011 4 13.8
11001000011 4 15.6
01110011001 4 17.3
01001110001 4 19.0
11011001011 4 13.8
00111011011 4 13.8
00011110101 4 15.6
00101100001 4 17.3
01111000011 4 15.6
00101101010 4 13.8
11001100110 4 13.8
10100101110 4 17.3
10011010110 4 19.0
00010001110 4 15.6
11110100010 4 15.6
01111001001 4 17.3
11100110011 4 13.8
00011100101 4 17.3
00111010000 4 15.6
10011000101 4 17.3
01001100001 4 19.0
01011110001 4 17.3
11001001001 4 13.8
00010000111 4 15.6
00110111001 4 17.3
00110111110 4 15.6
01000100011 4 13.8
01000110010 4 19.0
00110110011 4 17.3
00110011011 4 15.6
11001001000 4 12.1
01000101001 4 17.3
01011111000 4 15.6
10000010001 4 15.6
01111101001 4 17.3
00111001101 4 19.0
11010011001 4 17.3
10110100010 4 19.0
00001010001 4 15.6
10100000011 4 15.6
01001110100 5 19.0
01011100000 5 15.6
00100110111 5 13.8
10011010001 5 19.0
10100010100 5 15.6
10000011011 5 15.6
10100011001 5 17.3
10111101100 5 17.3
10111000001 5 17.3
10011010011 5 17.3
00001100100 5 17.3
00001000010 5 13.8
11010101100 5 13.8
10000111100 5 15.6
10011000011 5 15.6
10101110000 5 15.6
01101110101 5 17.3
00001110111 5 13.8
10100011110 5 17.3
00001011010 5 15.6
00011100001 5 15.6
01100101011 5 15.6
11000110010 5 19.0
10001110100 5 17.3
01100010101 5 17.3
10010000010 5 17.3
00100110101 5 15.6
11010010001 5 17.3
10010001000 5 13.8
11100110110 5 17.3
10100010110 5 17.3
01100001011 5 17.3
11100110000 5 15.6
01011100010 5 19.0
00010100110 5 17.3
01111100100 5 15.6
10011100101 5 19.0
01100110001 5 17.3
10000011110 5 13.8
01101101010 5 15.6
10001000100 5 13.8
11011001000 5 13.8
10011011010 5 17.3
01110111000 5 15.6
10001100110 5 17.3
01001110010 5 17.3
01001111010 5 19.0
00100011101 5 19.0
01000110100 5 17.3
01010110001 5 17.3
11001000010 5 17.3
11010111100 5 13.8
10001110011 5 17.3
01010000010 5 17.3
10110111001 5 19.0
01000101101 5 19.0
00011111010 5 15.6
10100000101 5 17.3
01010000001 5 13.8
00010011001 5 15.6
00101110001 5 17.3
10110001011 5 19.0
10110110000 5 15.6
10001111110 5 13.8
00111001010 5 17.3
10110011001 5 15.6
01101000000 5 15.6
00111011010 5 15.6
11000110011 5 17.3
00000110001 5 15.6
00011101000 5 17.3
11001000101 5 17.3
00101111010 5 17.3
11100100101 5 15.6
01100011010 5 19.0
11010100100 5 13.8
11000010110 5 19.0
10010011100 5 17.3
00011101101 5 17.3
10101110001 5 17.3
00011100010 5 15.6
01110101010 5 13.8
11000011001 5 15.6
10000111011 5 17.3
01010001011 5 15.6
00110100111 5 17.3
01011000111 5 17.3
10010001010 5 17.3
01010100010 5 15.6
00010110001 5 15.6
01011110011 5 17.3
00011000101 5 17.3
11011010001 5 15.6
00000111001 5 15.6
01111101010 5 13.8
10001101001 5 19.0
10011100010 5 17.3
01101111010 5 17.3
00011000011 5 13.8
11111010010 5 15.6
11011101010 5 15.6
10010110101 5 17.3
00010110110 5 15.6
11000011010 5 19.0
11000010101 5 15.6
01011100001 5 17.3
00000110101 5 15.6
00111101000 5 17.3
00101000110 5 17.3
00001101100 5 15.6
11101010110 5 15.6
00110110001 5 17.3
01000111010 5 19.0
01101100011 5 17.3
10001000010 5 17.3
00001011100 5 15.6
10000101011 5 13.8
10001100000 5 15.6
00001010110 5 15.6
01001110000 5 17.3
10101101110 5 17.3
01000101110 5 17.3
00101100010 5 17.3
10010100010 5 17.3
00011010011 5 17.3
10011100001 5 17.3
10000100110 5 17.3
11110000101 5 15.6
10001000001 5 15.6
10000101010 6 13.8
01101110000 6 17.3
10000010100 6 13.8
01001000101 6 17.3
01100100011 6 17.3
11000011110 6 15.6
10001110000 6 15.6
11011011010 6 12.1
11011001001 6 15.6
01010001000 6 13.8
00001100101 6 19.0
00111011000 6 17.3
10110010101 6 19.0
10011010101 6 17.3
11011100110 6 17.3
01101000001 6 17.3
01011101100 6 17.3
00110101000 6 15.6
00000101110 6 15.6
00111010011 6 17.3
11101100101 6 15.6
00011110111 6 15.6
01011000011 6 19.0
10011001011 6 17.3
00110001001 6 19.0
11100011011 6 15.6
00011001101 6 15.6
10001100111 6 17.3
01000010001 6 17.3
00100110010 6 17.3
01110110010 6 19.0
01101010100 6 13.8
10001010100 6 13.8
10100100101 6 13.8
11001101000 6 15.6
01001100010 6 19.0
00011010111 6 17.3
10001001001 6 15.6
01100111001 6 17.3
01000100111 6 17.3
01010010111 6 15.6
10010011110 6 17.3
01101111001 6 19.0
00011100111 6 13.8
10010101101 6 19.0
11001110000 6 15.6
00110010001 6 17.3
10010010010 6 13.8
00001001010 6 15.6
11101001100 6 15.6
00011011001 6 17.3
11010000101 6 17.3
00001101111 6 15.6
01011010010 6 17.3
00011100110 6 15.6
00010011010 6 15.6
11101000001 6 15.6
00100101111 6 13.8
10110001000 6 17.3
01100111010 6 17.3
10001000011 6 15.6
00001101000 6 15.6
11110110100 6 15.6
10010111101 6 20.8
10001101000 6 15.6
01011010000 6 15.6
00010011011 6 13.8
10101010011 6 13.8
01110010001 6 17.3
10111011100 6 13.8
10110001101 6 17.3
11101100001 6 15.6
10011010010 6 17.3
11100111010 6 17.3
00111010100 6 13.8
11011000101 6 17.3
00011101001 6 17.3
11000100101 6 15.6
10111101001 6 20.8
01000001001 6 17.3
10001110111 6 15.6
10000000110 6 13.8
10011000110 6 17.3
01110010101 6 17.3
11010010101 6 13.8
00000101100 6 15.6
11010110001 6 17.3
01100101101 6 17.3
10111000100 6 19.0
10001110110 6 19.0
01110010111 6 15.6
11011000001 6 15.6
11101010100 6 12.1
00100010110 6 17.3
01110111001 6 17.3
00011011110 6 17.3
01111010011 6 17.3
01100011011 6 17.3
01101110011 6 19.0
10010111000 6 17.3
10100011101 6 19.0
10111100101 6 20.8
10101000100 6 15.6
00010111110 6 15.6
00001101110 6 17.3
00001011011 6 13.8
01000011111 6 15.6
10110011100 6 19.0
10001001101 6 19.0
11101100010 6 15.6
01111001101 6 19.0
00010110010 6 15.6
01011101000 6 15.6
00100110001 6 17.3
00001110010 6 17.3
00110110000 6 15.6
01001010100 6 15.6
00101111001 6 17.3
00010101001 6 15.6
10101111001 6 17.3
00000111011 6 15.6
10111001001 6 17.3
10001011110 6 17.3
10100111000 6 17.3
11110100100 6 13.8
00011011000 6 17.3
00011001001 6 17.3
10011001010 6 17.3
01111101000 6 15.6
00010111011 6 15.6
10011100100 6 17.3
01010111000 6 15.6
11001100001 6 17.3
00011110110 6 17.3
11000001011 6 15.6
10111000000 6 15.6
01000110000 6 15.6
00011000001 6 13.8
10000001001 6 15.6
00111010001 6 17.3
01011101010 6 15.6
00011011100 6 17.3
00110110010 6 17.3
00011111100 6 13.8
00001101001 6 19.0
01101100101 6 17.3
10100111110 6 17.3
00101010001 6 13.8
01111000010 6 17.3
01111100010 6 17.3
00100011010 7 17.3
10010110100 7 17.3
10000110100 7 17.3
10111010000 7 15.6
10111111001 7 17.3
01110000010 7 17.3
01010111001 7 17.3
00000011010 7 15.6
00111001011 7 17.3
00001010101 7 12.1
10101010010 7 15.6
00100100011 7 13.8
00011001110 7 17.3
01110001100 7 17.3
00110111010 7 17.3
10011000100 7 17.3
11100111001 7 15.6
11101010001 7 15.6
11001001010 7 15.6
10100111001 7 19.0
11001101100 7 17.3
11001110101 7 17.3
01011010011 7 17.3
10110010010 7 17.3
10101000110 7 17.3
00100101001 7 15.6
11100010011 7 15.6
00001100110 7 15.6
00011101110 7 15.6
00110011001 7 13.8
01110010110 7 19.0
00011000010 7 15.6
00000111101 7 15.6
10001101110 7 17.3
10000000100 7 13.8
11000110100 7 17.3
10000001010 7 13.8
10010110001 7 19.0
10001101010 7 17.3
11000111100 7 15.6
01101001000 7 15.6
10100110011 7 17.3
11000000101 7 15.6
00100101011 7 13.8
10010100000 7 15.6
10101111100 7 15.6
10101000010 7 17.3
00111000010 7 19.0
10011011101 7 17.3
00010001101 7 17.3
00111100001 7 15.6
01000011110 7 17.3
01000101100 7 17.3
00001110110 7 17.3
01001000100 7 17.3
00010110100 7 15.6
00010111100 7 17.3
10001000101 7 13.8
10000101001 7 17.3
10110100101 7 17.3
00100111010 7 17.3
01011101001 7 17.3
01010000011 7 15.6
00100000011 7 15.6
00010100011 7 15.6
00100101110 7 15.6
11110001001 7 17.3
01000001010 7 17.3
10001111010 7 17.3
10010000101 7 17.3
10000100111 7 17.3
11011101001 7 17.3
11101001000 7 13.8
00000111010 7 15.6
00101101111 7 15.6
10100100110 7 17.3
10010011011 7 15.6
00001010100 7 12.1
01011000101 7 17.3
01011101110 7 13.8
10110010110 7 17.3
00111010101 7 13.8
10110111100 7 15.6
00111100110 7 15.6
01100011000 7 15.6
00100010010 7 17.3
01001010010 7 17.3
11011101000 7 15.6
11110101010 7 12.1
10110001001 7 20.8
10010111100 7 19.0
11010110010 7 19.0
00101000010 7 15.6
00100111001 7 17.3
11100001001 7 17.3
00111010010 7 19.0
00100111101 7 19.0
00010101010 7 12.1
00111010110 7 17.3
10100001101 7 19.0
01101010001 7 17.3
00001100010 7 15.6
10110000101 7 19.0
00110101100 7 17.3
00001011101 7 15.6
10101011001 7 17.3
11100011010 7 17.3
10100111100 7 19.0
00001000101 7 12.1
01000100100 7 15.6
11000000011 7 13.8
01111001100 7 17.3
00110001000 7 15.6
01001010000 7 17.3
00110110110 7 13.8
00011101011 7 15.6
00011000111 7 13.8
11110010100 7 15.6
00001011110 7 15.6
10110110001 7 17.3
00010010010 7 12.1
01010001101 7 19.0
11110100001 7 15.6
10111110000 7 15.6
01110011011 7 17.3
10001001011 7 17.3
11001010010 7 17.3
11010100001 7 13.8
00111110010 7 17.3
10110010100 7 19.0
01100010001 7 17.3
10011001100 7 13.8
01101000011 7 19.0
01000000100 7 17.3
11101000101 7 15.6
01011010001 7 17.3
01111000101 7 17.3
10011101100 7 17.3
11011011001 7 15.6
01101111000 7 17.3
11001000001 7 15.6
10100100111 7 15.6
11101110010 7 17.3
10010010000 7 13.8
10101011110 7 13.8
00101010010 7 15.6
01001100011 7 19.0
01000001011 7 17.3
11110010011 7 15.6
10010010110 7 17.3
11000111010 7 17.3
01010110100 7 13.8
10001100011 7 13.8
00110100101 7 17.3
11100010101 7 15.6
10011110110 7 19.0
01011110000 7 15.6
00001110100 7 15.6
10100001111 7 15.6
01111010001 7 17.3
01011100101 7 17.3
00111111001 7 15.6
00101010000 7 12.1
00011010101 7 15.6
00010100001 7 15.6
00011010000 7 15.6
00111101011 7 13.8
00111011100 7 13.8
00011101100 7 15.6
11000110001 7 13.8
10110000100 7 19.0
10100101011 7 15.6
10101100010 7 17.3
11010000010 8 17.3
10111000101 8 19.0
10100011000 8 17.3
10100111011 8 17.3
10101100011 8 17.3
00011001000 8 15.6
00000010010 8 13.8
01010111010 8 15.6
00101110011 8 17.3
00010110101 8 15.6
00110101110 8 17.3
11100110001 8 17.3
11000101010 8 13.8
11101110100 8 13.8
00001000110 8 15.6
00010000010 8 15.6
00010010110 8 15.6
01101011000 8 19.0
00111101101 8 15.6
01000000101 8 17.3
01110001111 8 15.6
11001101001 8 17.3
10000101000 8 15.6
10111010010 8 19.0
00011110001 8 15.6
10011001001 8 17.3
10100001011 8 17.3
01100010011 8 17.3
00100010101 8 15.6
00100010111 8 15.6
00101100110 8 17.3
11011010000 8 13.8
10100101001 8 15.6
10111111010 8 17.3
01100101000 8 17.3
11100100001 8 17.3
11010100000 8 12.1
00000101010 8 12.1
11000010001 8 15.6
00101010110 8 13.8
10100001100 8 17.3
01010010110 8 17.3
10100100001 8 15.6
11100111000 8 13.8
00101100011 8 17.3
10101100001 8 17.3
00010000011 8 13.8
00100111011 8 17.3
00100000101 8 15.6
01101011010 8 15.6
11001100011 8 17.3
10011011100 8 17.3
11011000011 8 17.3
01001101100 8 17.3
01001110011 8 15.6
11100010001 8 15.6
10001010111 8 15.6
10000110101 8 17.3
10101011100 8 13.8
10010000100 8 15.6
01000010111 8 19.0
01111011000 8 17.3
00110011101 8 17.3
00101000101 8 15.6
00111101100 8 15.6
10100101000 8 13.8
00111001110 8 13.8
11001010011 8 17.3
11011100000 8 15.6
10011111000 8 15.6
00101011000 8 13.8
10111001100 8 17.3
00110100001 8 17.3
01001100111 8 15.6
10000100010 8 15.6
10010100101 8 15.6
10001011111 8 15.6
11110110011 8 15.6
01000100110 8 17.3
00110100011 8 17.3
10010010011 8 13.8
10001011101 8 17.3
01010011001 8 17.3
01100110111 8 15.6
10001010110 8 17.3
11100001101 8 17.3
00110111100 8 15.6
00010011101 8 15.6
10100110000 8 19.0
00110101001 8 17.3
01100100001 8 17.3
01011100110 8 17.3
00000011101 8 15.6
10001011011 8 15.6
11011111100 8 15.6
11101011001 8 17.3
01001000011 8 15.6
11011110001 8 17.3
00110001111 8 15.6
00110101011 8 13.8
10010000011 8 15.6
01100100000 8 15.6
10010100100 8 15.6
10110000001 8 15.6
11100001011 8 15.6
01101000010 8 20.8
01111011101 8 15.6
00111000011 8 15.6
01110000000 8 12.1
00001100111 8 15.6
10010110000 8 19.0
10100110111 8 15.6
10001111101 8 17.3
01001001011 8 15.6
00001110101 8 15.6
01110010011 8 17.3
10111100000 8 15.6
10010001111 8 17.3
00010111101 8 19.0
00111000111 8 13.8
00110000001 8 13.8
00110101010 8 13.8
10110100001 8 17.3
10110000010 8 19.0
00111110100 8 15.6
10100011111 8 15.6
11000011101 8 17.3
00101000001 8 13.8
00100110011 8 15.6
11010000100 8 17.3
10111111100 8 15.6
00111111010 8 15.6
00011100100 8 15.6
10000010011 8 15.6
10001110010 8 19.0
00001111101 8 15.6
01011000100 8 17.3
00010010001 8 13.8
10000100101 8 15.6
01000000011 8 15.6
00100110100 8 13.8
00100011001 8 17.3
11011010101 8 13.8
00110100000 8 15.6
10000010110 8 17.3
00101110010 8 19.0
00100011011 8 17.3
10110011011 8 17.3
11101101001 8 15.6
10000001110 8 13.8
11001111001 8 17.3
00110010100 8 17.3
11001000110 8 17.3
01111110011 8 13.8
11010001011 8 17.3
00100100101 8 12.1
10010101110 8 17.3
10001001110 8 17.3
01000010100 8 15.6
01110101100 8 17.3
11011101011 8 15.6
01010100100 8 13.8
00001011000 8 15.6
10100100000 8 13.8
10000001011 8 13.8
00010100010 8 15.6
11000000110 8 15.6
01000101111 8 15.6
01100101010 8 17.3
00011111011 9 15.6
01010100001 9 13.8
00100010011 9 17.3
11100101011 9 13.8
00111100101 9 19.0
01011110010 9 19.0
00000010110 9 15.6
00000100010 9 13.8
01100010010 9 19.0
11000010011 9 15.6
01010100000 9 12.1
10011001111 9 15.6
00000101001 9 15.6
10101110011 9 17.3
11101010000 9 13.8
01001100000 9 17.3
01101100111 9 17.3
01000100001 9 15.6
01110100011 9 17.3
11000010010 9 15.6
00001111001 9 15.6
00100101101 9 15.6
01100011110 9 17.3
01110100101 9 17.3
00111011101 9 13.8
11101010010 9 17.3
10110101000 9 17.3
01001111000 9 17.3
10011111100 9 15.6
01001010110 9 19.0
11001110111 9 15.6
11000100110 9 17.3
10101110110 9 17.3
00110101101 9 17.3
10010001110 9 19.0
11111001010 9 15.6
00111110001 9 15.6
01001000010 9 17.3
10101000001 9 13.8
00001101101 9 15.6
01111000000 9 12.1
11100110010 9 15.6
00101101000 9 15.6
10001101101 9 17.3
11000001010 9 15.6
11010010100 9 13.8
01010000110 9 17.3
10110010000 9 17.3
11100000010 9 15.6
11010110000 9 15.6
11100101010 9 15.6
10111010011 9 17.3
11010000111 9 15.6
10011110100 9 17.3
11010101110 9 13.8
11010100010 9 15.6
11011110100 9 17.3
01000001111 9 15.6
11110010001 9 17.3
00100000010 9 17.3
10110011101 9 19.0
00110101111 9 15.6
01100000011 9 15.6
10110110010 9 17.3
10001011010 9 17.3
10000110110 9 17.3
00100001011 9 17.3
11000111101 9 19.0
11110101011 9 12.1
11000001001 9 15.6
10111001110 9 15.6
00010110000 9 15.6
00101011111 9 12.1
00111111100 9 13.8
10101001110 9 17.3
01001101110 9 19.0
00110000100 9 17.3
01101110100 9 17.3
10100011010 9 17.3
01110000001 9 13.8
00101100101 9 15.6
00110001110 9 17.3
01000011000 9 15.6
11001110110 9 19.0
10010111110 9 17.3
10010100110 9 19.0
10000111000 9 15.6
00000100011 9 13.8
00001010011 9 15.6
01110110100 9 17.3
11100101001 9 19.0
10000110001 9 15.6
10100110101 9 17.3
10000110000 9 13.8
01001000111 9 17.3
11101100110 9 15.6
10001110101 9 17.3
10011100000 9 15.6
00101110110 9 17.3
10011100111 9 15.6
00100111100 9 17.3
00011001100 9 13.8
11011001010 9 15.6
10100100011 9 15.6
01100110110 9 17.3
11000100001 9 15.6
01111110100 9 13.8
10101000011 9 15.6
10110101100 9 17.3
10100101101 9 17.3
01000110111 9 15.6
01011111100 9 15.6
01100110100 9 17.3
01100111011 9 17.3
01101011001 9 19.0
01110101000 9 15.6
00001100001 9 13.8
00100011100 9 17.3
01010001110 9 17.3
01100001010 9 17.3
01101110001 9 19.0
01000110001 9 15.6
01110110000 9 17.3
00010101110 9 15.6
00111011110 9 15.6
00001001110 9 15.6
10001000000 9 13.8
00011011101 9 17.3
11100100110 9 17.3
00101010100 9 10.4
01010011101 9 17.3
11101011000 9 17.3
01010110110 9 15.6
11001101010 9 17.3
01011100111 9 17.3
10101111101 9 17.3
10011110101 9 17.3
00101111011 9 17.3
00101011001 9 15.6
11010011010 9 15.6
10101010110 9 13.8
00110010011 9 17.3
01100010100 9 17.3
10101111110 9 13.8
00001001100 9 15.6
00110010110 9 17.3
11110011010 9 19.0
10011000010 9 17.3
01000111101 9 20.8
11011100100 9 17.3
00100111000 9 15.6
11000010111 9 17.3
11001010001 9 17.3
10001001111 9 17.3
01101101011 9 15.6
00010111000 9 17.3
01110100100 9 15.6
00100100111 9 13.8
01110011100 9 13.8
11000101001 9 17.3
10100001110 9 17.3
10110001100 9 15.6
01001110111 9 17.3
11001010111 9 15.6
11000101111 9 15.6
01010110111 9 13.8
00010100111 9 17.3
01001010001 9 19.0
10000011101 9 17.3
01111111001 9 13.8
00100110110 9 15.6
01010001010 9 13.8
00100011111 9 15.6
11001111010 9 17.3
01100110011 9 13.8
00100001101 9 19.0
10011001110 9 17.3
01110101101 9 19.0
01111101101 10 15.6
01010101000 10 12.1
00011101010 10 15.6
10001101100 10 17.3
11011101110 10 13.8
00100000111 10 15.6
11000110110 10 17.3
01011101011 10 15.6
11001101011 10 17.3
00111000001 10 15.6
11011011000 10 13.8
10101001100 10 17.3
10010101000 10 15.6
11001110100 10 17.3
11100000001 10 12.1
10011110011 10 17.3
00110110111 10 12.1
10100111101 10 20.8
10110100011 10 19.0
01000111110 10 17.3
10101001011 10 13.8
00001001101 10 17.3
11000111011 10 17.3
01110001101 10 19.0
10111110010 10 19.0
01010110011 10 17.3
11110110000 10 15.6
01000001110 10 17.3
11000000111 10 13.8
10100110110 10 17.3
00010101100 10 15.6
00000110010 10 17.3
00110000011 10 15.6
10100011100 10 17.3
00011001011 10 17.3
10000000010 10 13.8
10000011100 10 15.6
01010000101 10 17.3
01100001101 10 19.0
01010110010 10 19.0
11000110111 10 15.6
10001011000 10 17.3
01001101001 10 17.3
10011101101 10 19.0
00011001111 10 15.6
10101101001 10 17.3
01100111101 10 17.3
00110111101 10 17.3
10100010101 10 15.6
10111101011 10 15.6
01110011000 10 17.3
01001111011 10 19.0
00100110000 10 17.3
11001000100 10 17.3
00110100010 10 17.3
00101100111 10 17.3
10011011011 10 15.6
10011111010 10 17.3
01000110101 10 17.3
10011001101 10 15.6
10101110101 10 13.8
11110110010 10 17.3
11101010101 10 12.1
01000011001 10 17.3
10110110100 10 15.6
10100000110 10 17.3
00101011010 10 15.6
10010010101 10 15.6
10111100001 10 17.3
01111101110 10 15.6
01010111100 10 15.6
00010110111 10 13.8
10000010111 10 15.6
00010111001 10 17.3
10010010100 10 15.6
11001011011 10 15.6
11100011001 10 15.6
11100101100 10 17.3
00111100100 10 17.3
10101100100 10 15.6
10111100010 10 20.8
11011100101 10 17.3
10100100010 10 17.3
11110011100 10 13.8
10100111010 10 17.3
01001001000 10 12.1
00101101110 10 17.3
01011000110 10 19.0
00001110000 10 13.8
00100100100 10 10.4
01011100011 10 17.3
01011110110 10 17.3
01111001011 10 17.3
10001001100 10 17.3
11100100100 10 13.8
00000100110 10 15.6
10011011000 10 17.3
01000111011 10 19.0
01011111001 10 17.3
01100011001 10 17.3
01110000101 10 17.3
10100010111 10 15.6
11101101000 10 13.8
11101100011 10 15.6
11010011100 10 17.3
01100001000 10 17.3
11011101100 10 17.3
11000010100 10 13.8
01011000000 10 15.6
00101111101 10 17.3
01110001010 10 17.3
00100101010 10 13.8
00001100011 10 13.8
01100011111 10 15.6
10001100100 10 17.3
10100000111 10 15.6
10110101011 10 15.6
10101011011 10 13.8
01011111011 10 15.6
00100100010 10 15.6
01110001011 10 17.3
11101111100 10 13.8
10110010001 10 19.0
00010001010 11 13.8
00111101110 11 15.6
11011010011 11 15.6
11001100000 11 15.6
01000011010 11 20.8
11011010010 11 15.6
11010010011 11 15.6
01101100001 11 17.3
01110111010 11 13.8
11000101110 11 17.3
10100000001 11 13.8
11000110000 11 13.8
00110111011 11 17.3
01000001000 11 15.6
00101110101 11 15.6
01101011100 11 17.3
01100000001 11 13.8
10101000101 11 15.6
11100010100 11 15.6
00110001100 11 13.8
01111010000 11 15.6
11001011000 11 17.3
11001101110 11 17.3
00110010010 11 17.3
01111011010 11 15.6
01101110010 11 20.8
00001111011 11 15.6
11010111001 11 17.3
11011000010 11 19.0
00101110000 11 15.6
10101110010 11 19.0
10101011111 11 12.1
10100110001 11 19.0
10001011100 11 17.3
10001010101 11 13.8
01101010110 11 17.3
00101001010 11 13.8
11000111000 11 13.8
00010001001 11 13.8
11111100010 11 15.6
10110100000 11 15.6
11001011001 11 17.3
01100100010 11 17.3
00101010101 11 10.4
10001110001 11 17.3
11100100000 11 15.6
11101001001 11 15.6
10110001111 11 17.3
00110011100 11 17.3
01111001110 11 15.6
01001010101 11 15.6
10101011000 11 15.6
00000011110 11 12.1
10001101111 11 15.6
11100010010 11 17.3
10001011001 11 19.0
10011010000 11 17.3
00101101011 11 13.8
01110110011 11 17.3
11110011011 11 17.3
10101100110 11 17.3
00001000001 11 13.8
11001100111 11 13.8
01011010110 11 15.6
10111100110 11 17.3
11000100000 11 13.8
11010011011 11 13.8
10101101101 11 15.6
11010101001 11 13.8
01010010011 11 15.6
01101100100 11 15.6
00010000101 11 15.6
10110111000 11 17.3
01101010011 11 17.3
11010010000 11 15.6
10000000011 11 12.1
10011000000 11 15.6
10000011001 11 15.6
10001001010 11 17.3
11001001100 11 17.3
11101110011 11 15.6
11000110101 11 17.3
00110010101 11 17.3
10101111010 11 17.3
11011000100 11 17.3
00100111110 11 15.6
10110101001 11 19.0
10010000001 11 15.6
10011111011 11 17.3
01001001001 11 13.8
10111101101 11 17.3
11010011000 11 17.3
00000111000 11 13.8
01011111010 11 17.3
11100100010 11 17.3
01001111001 11 19.0
01100011100 11 15.6
11100111011 11 17.3
00001101011 11 15.6
10111011000 11 17.3
10101101000 11 15.6
00100011110 11 17.3
11110110001 11 15.6
10011110010 11 19.0
00101111110 11 13.8
01010111110 11 13.8
01110011101 11 15.6
00111001001 11 17.3
10111110110 11 17.3
01111010101 11 13.8
10100001010 11 17.3
11011000111 11 15.6
11010110101 11 13.8
00100001111 11 15.6
10110000011 11 17.3
11011010111 11 13.8
00001001111 11 15.6
01001010011 11 17.3
01010111101 11 17.3
00111110110 11 15.6
10000110111 11 15.6
00010000110 11 17.3
00110111000 11 15.6
01111011001 11 17.3
11100100011 11 17.3
11101001101 11 15.6
10111010001 11 17.3
00011110010 11 17.3
11010100110 11 15.6
11111001011 11 15.6
00100010000 11 12.1
01000010000 12 13.8
01001001111 12 15.6
01100110000 12 15.6
01100101001 12 19.0
00011111101 12 15.6
11001011101 12 17.3
11010101101 12 15.6
00101101100 12 15.6
00001001011 12 15.6
10001010000 12 15.6
01111011011 12 13.8
11100101000 12 17.3
11000111110 12 15.6
10011100110 12 17.3
00100000100 12 13.8
00011100011 12 13.8
01010100110 12 17.3
10010011001 12 17.3
10101110111 12 13.8
01101101000 12 15.6
11010001001 12 17.3
00100100110 12 15.6
11111100100 12 13.8
01110010010 12 17.3
01001010111 12 17.3
00100001000 12 13.8
10110010011 12 17.3
01100010000 12 15.6
11010010010 12 15.6
10010101100 12 17.3
01101101101 12 13.8
11111010001 12 15.6
00101001100 12 17.3
00111100111 12 13.8
01010101111 12 12.1
01010110101 12 13.8
00001000100 12 12.1
11011111010 12 15.6
01111110010 12 15.6
00101011011 12 13.8
01010011011 12 15.6
00110010111 12 15.6
11010110100 12 13.8
10100010010 12 17.3
10100101100 12 17.3
10110111010 12 17.3
01001111100 12 17.3
01110011010 12 19.0
10010101001 12 17.3
01111010100 12 13.8
01111000001 12 13.8
11100111101 12 15.6
10110111011 12 17.3
01010010101 12 13.8
01010000100 12 17.3
10100001000 12 15.6
11010000000 12 12.1
11001001110 12 17.3
10010100011 12 17.3
01010010000 12 15.6
11101001010 12 15.6
01001110101 12 19.0
11001101111 12 15.6
00111100011 12 15.6
00001110011 12 15.6
00010001011 12 13.8
01111011100 12 15.6
10011011110 12 17.3
10010011010 12 17.3
01111101100 12 15.6
10101011101 12 15.6
00000011001 12 15.6
01010111011 12 15.6
01000011101 12 20.8
10011111110 12 13.8
10111001101 12 19.0
11011000000 12 13.8
00001010111 12 13.8
10111001000 12 15.6
01101001011 12 17.3
11110101000 12 13.8
11000101000 12 15.6
00101001111 12 15.6
00101010111 12 12.1
10000001100 12 13.8
11001000000 12 13.8
01010101110 12 13.8
11101000110 12 17.3
01010000111 12 15.6
01110110101 12 17.3
00111110101 12 15.6
00001010010 12 17.3
11110001101 12 17.3
11101011010 12 13.8
00000101011 12 12.1
01111010010 12 17.3
01001101010 12 19.0
01101001100 12 17.3
01011011000 12 15.6
00111101001 12 19.0
10111000111 12 15.6
00000111110 12 12.1
01010100011 12 13.8
00110100110 12 17.3
00010101111 12 13.8
00111000000 12 13.8
01001100110 12 15.6
00110010000 12 15.6
11100110101 12 17.3
01011110101 12 17.3
10011111101 12 17.3
00000100111 12 15.6
11100110100 12 17.3
01011001000 12 15.6
11101100100 12 13.8
11101000100 12 15.6
01011100100 12 17.3
11011110010 12 19.0
10011000001 12 15.6
10010111011 13 17.3
11010110011 13 17.3
00100001100 13 17.3
00111010111 13 15.6
10111001011 13 17.3
10011101111 13 15.6
01100000101 13 17.3
10010101111 13 15.6
01001001110 13 17.3
11111010100 13 12.1
00101011110 13 13.8
01111100101 13 17.3
11101000000 13 13.8
00000100100 13 12.1
01101000100 13 17.3
11001011110 13 17.3
11001100100 13 15.6
10101101100 13 15.6
11001010110 13 17.3
00111100000 13 13.8
01110100000 13 15.6
00111101111 13 12.1
10000111110 13 13.8
10111011001 13 17.3
00011011011 13 13.8
01010001111 13 15.6
11001010101 13 13.8
00010101011 13 12.1
01010010010 13 15.6
01010101100 13 13.8
01010100101 13 15.6
01101011111 13 15.6
00101001000 13 13.8
11100101110 13 17.3
00100001010 13 17.3
01000111000 13 15.6
01001101101 13 17.3
01110100010 13 17.3
00000010011 13 13.8
11110100101 13 15.6
00010100100 13 13.8
11001111011 13 17.3
01001011101 13 19.0
11110010110 13 19.0
11000000010 13 15.6
11000100011 13 13.8
10110100110 13 17.3
11010101000 13 12.1
01111111010 13 13.8
00110110101 13 15.6
00100101100 13 15.6
11110010101 13 15.6
11011001101 13 17.3
10010001011 13 17.3
01000000001 13 13.8
00001000111 13 13.8
10110101010 13 15.6
10111010110 13 17.3
10110011110 13 19.0
01001101000 13 15.6
10001111000 13 15.6
11100010000 13 13.8
11010100101 13 15.6
00010001100 13 15.6
00001011001 13 17.3
01001001101 13 17.3
10011011001 13 17.3
00001010000 13 13.8
01000010101 13 17.3
01100101111 13 17.3
00011110000 13 13.8
10101001111 13 15.6
01111101011 13 13.8
01100111100 13 15.6
11100001010 13 15.6
11010111010 13 15.6
00111000110 13 15.6
10101101111 13 15.6
01000101010 13 15.6
01001011111 13 15.6
11101000010 13 19.0
00110000111 13 15.6
10101101011 13 13.8
11110111001 13 15.6
11000100100 13 13.8
01111100011 13 15.6
10100010001 13 13.8
00100011000 13 17.3
10000111001 13 17.3
10101001101 13 19.0
01100110101 13 17.3
10100100100 13 12.1
00100010001 13 13.8
01110101001 13 17.3
11001111000 13 15.6
11010001000 13 13.8
00101101001 13 17.3
01010100111 13 15.6
01110111011 13 13.8
00101110111 13 13.8
10110101101 13 17.3
01110010000 13 15.6
11001011010 13 17.3
00011110011 14 15.6
11101000111 14 17.3
00110000101 14 17.3
00010001111 14 13.8
01011101111 14 12.1
11011111001 14 17.3
01011001011 14 15.6
11110100111 14 15.6
01100010111 14 17.3
01000100000 14 13.8
01010101011 14 10.4
11111001000 14 13.8
01110000100 14 17.3
11010000110 14 17.3
10101100101 14 17.3
01001011011 14 15.6
01110110110 14 15.6
01001000000 14 13.8
00000001010 14 12.1
10100101010 14 15.6
11001001011 14 15.6
10011111001 14 17.3
11100000101 14 15.6
01101001001 14 17.3
10000000111 14 12.1
10101100111 14 17.3
10100010011 14 17.3
11110011001 14 15.6
00101000011 14 13.8
10001010001 14 17.3
00111011001 14 17.3
01101111100 14 15.6
10000101100 14 17.3
00100001110 14 17.3
11011000110 14 17.3
00100101000 14 13.8
11001111100 14 15.6
10100000100 14 15.6
01001101011 14 19.0
11010101111 14 12.1
01101001101 14 17.3
11010111011 14 15.6
01100101100 14 17.3
01000101011 14 15.6
11000101100 14 17.3
00000110100 14 15.6
11001001111 14 15.6
01010001100 14 17.3
11001110011 14 13.8
11110111100 14 12.1
10101001001 14 15.6
11101010011 14 15.6
00000001101 14 15.6
10111110001 14 17.3
11100011101 14 15.6
00110011010 14 17.3
11110100011 14 15.6
11010010111 14 15.6
01011000001 14 17.3
01011010101 14 15.6
01011110111 14 15.6
11000000001 14 12.1
10101010111 14 12.1
00000011100 14 13.8
00010000100 14 13.8
00101000100 14 15.6
11100000011 14 13.8
01110100111 14 17.3
11010001100 14 17.3
01101010010 14 19.0
10101111011 15 17.3
10011110001 15 17.3
10101010100 15 10.4
00100100001 15 13.8
11101111001 15 17.3
10110101111 15 17.3
11010011101 15 17.3
00010001000 15 10.4
10111010101 15 15.6
00011101111 15 13.8
01111110001 15 13.8
00011000000 15 13.8
10001001000 15 13.8
00000110111 15 13.8
01101000101 15 17.3
00000001011 15 12.1
11101100000 15 13.8
01010011000 15 17.3
10111110101 15 17.3
10100110010 15 19.0
01111001000 15 15.6
01101001111 15 19.0
11001111101 15 17.3
00100010100 15 15.6
01110111101 15 17.3
11101110001 15 15.6
10010011111 15 15.6
10110011010 15 19.0
10000001111 15 12.1
00010100101 15 13.8
01010011010 15 17.3
01110000011 15 15.6
01101110110 15 17.3
11110101001 15 15.6
11001011111 15 15.6
11001111110 15 13.8
00001101010 15 15.6
11010001010 15 15.6
11010100011 15 13.8
11100010110 15 17.3
00111111110 15 12.1
10100101111 15 15.6
10101101010 15 13.8
11110101110 15 15.6
11111001101 15 17.3
00110000010 15 17.3
11100111110 15 13.8
11111000100 15 15.6
01100001111 15 15.6
10111101110 15 17.3
10110000111 15 17.3
11010100111 15 13.8
11100011100 15 13.8
01100000010 15 17.3
11010010110 15 17.3
11100111100 15 13.8
10110011000 15 15.6
01101000111 15 17.3
01001011000 15 17.3
11110110110 15 13.8
10010011000 15 17.3
11001010000 15 15.6
01101100110 15 17.3
11010111110 15 13.8
01010101001 15 13.8
10011101001 15 17.3
00101001110 15 17.3
10101010001 15 13.8
01000110110 15 17.3
10010001100 15 19.0
00111110011 15 15.6
10010010111 15 15.6
00000010100 16 12.1
01111100000 16 12.1
10011101010 16 17.3
01100100101 16 17.3
01000001101 16 19.0
01010010001 16 17.3
11011011011 16 10.4
01110111110 16 15.6
01011010100 16 15.6
10000001101 16 15.6
11010001110 16 17.3
10010101010 16 13.8
10111010100 16 15.6
01011000010 16 20.8
11110000010 16 15.6
01101111011 16 15.6
00110000110 16 17.3
10101001010 16 13.8
10110011111 16 17.3
01000111100 16 17.3
00001100000 16 13.8
00101001101 16 19.0
11110010010 16 15.6
01111100110 16 15.6
01011001100 16 17.3
10101010000 16 12.1
10010101011 16 13.8
00011111110 16 12.1
00010000001 16 13.8
10111101010 16 17.3
01011111110 16 13.8
01110101111 16 15.6
11011010100 16 13.8
01101000110 16 17.3
10000100011 16 15.6
10011010100 16 15.6
11001001101 16 17.3
11101011100 16 15.6
11000001000 16 13.8
01111111100 16 12.1
00010011111 16 13.8
00111111101 16 15.6
11100000110 16 15.6
00100111111 16 13.8
01010101101 16 15.6
00000010111 16 13.8
11000011000 16 13.8
10010111111 16 15.6
10111011101 16 13.8
01101010101 16 13.8
10110001010 16 19.0
01011001110 16 19.0
01110010100 16 17.3
10001111100 16 15.6
11110011101 16 15.6
11100011110 16 15.6
11111101100 16 13.8
11111000010 16 15.6
10111011010 16 17.3
11000011011 16 17.3
01000000111 16 15.6
01110101011 16 13.8
01100110010 16 15.6
11111011010 16 13.8
11010110110 16 15.6
01100111110 16 15.6
00111001111 17 13.8
10111100011 17 19.0
00101101101 17 15.6
01001100101 17 19.0
01110011111 17 15.6
11101001110 17 15.6
10111000011 17 17.3
01001011100 17 19.0
01111001111 17 13.8
00010101000 17 13.8
01110110111 17 13.8
10011011111 17 15.6
01111110000 17 12.1
11101011101 17 15.6
01100010110 17 17.3
00111111011 17 15.6
10110110110 17 13.8
00001110001 17 15.6
00110100100 17 15.6
00001111000 17 13.8
10000010000 17 13.8
10010100111 17 19.0
10110000000 17 15.6
01111011110 17 13.8
00000001110 17 12.1
11111100001 17 12.1
01110011110 17 15.6
00110111111 17 13.8
00000010001 17 13.8
01100100100 17 15.6
01001111110 17 15.6
11011011100 17 13.8
00000010101 17 12.1
10000001000 17 13.8
11010001111 17 15.6
00111111000 17 13.8
10111100111 17 15.6
11011100011 17 17.3
01001001010 17 15.6
10100010000 17 12.1
11011111000 17 15.6
11000101101 17 19.0
01011010111 17 13.8
01001101111 17 17.3
01101101110 17 15.6
00110001011 17 17.3
11100110111 17 15.6
01100100111 17 17.3
00001001000 17 12.1
11100100111 17 17.3
10011010111 17 17.3
11011010110 17 15.6
10110010111 17 15.6
11011110110 17 15.6
00001001001 18 13.8
01111110101 18 13.8
01000000110 18 17.3
01101101100 18 13.8
11011001111 18 17.3
11000100111 18 17.3
11010000001 18 13.8
00100000001 18 13.8
01101101111 18 13.8
11101111000 18 15.6
11001011100 18 17.3
01101010111 18 15.6
10001111001 18 17.3
10110111110 18 15.6
11010111000 18 15.6
01111010111 18 15.6
01101111110 18 15.6
11110010111 18 15.6
00001111110 18 12.1
00101100000 18 15.6
01110000111 18 15.6
10111010111 18 15.6
01101011011 18 15.6
11110001000 18 13.8
10111111000 18 15.6
00101000000 18 12.1
11101111010 18 15.6
01001011001 18 17.3
10000011111 18 12.1
10000111111 18 12.1
00000000101 18 12.1
11010111101 18 15.6
01101001010 18 17.3
11101001111 18 15.6
01010000000 18 12.1
11011110011 18 17.3
11011001110 18 17.3
10000100001 19 13.8
11011001100 19 15.6
10110110101 19 15.6
11110100000 19 13.8
00010010000 19 12.1
11111000001 19 12.1
11110100110 19 17.3
01000000010 19 17.3
01100101110 19 19.0
11110101101 19 17.3
11100101111 19 15.6
11011100111 19 17.3
01011011011 19 12.1
11101110110 19 13.8
00100100000 19 12.1
10101100000 19 15.6
11110001011 19 15.6
11101001011 19 15.6
11101101100 19 12.1
10010000000 19 13.8
10110111101 19 17.3
01111110110 19 15.6
10111000110 19 17.3
11101101010 19 13.8
00110011111 19 15.6
11010011111 19 15.6
11011110101 19 17.3
01000011100 19 19.0
10000100000 19 12.1
01111001010 19 17.3
01011001010 19 17.3
00111110111 19 13.8
01111111000 20 12.1
10010110011 20 17.3
11000001101 20 17.3
01111000111 20 15.6
11011101101 20 17.3
11001010100 20 13.8
11011011110 20 13.8
10101000000 20 12.1
11000000100 20 15.6
11111001100 20 15.6
10101011010 20 15.6
01101001110 20 19.0
01110001110 20 17.3
01011001111 20 19.0
10110101110 20 19.0
11110001010 20 15.6
11111010011 20 15.6
11111101001 20 15.6
01110100110 20 19.0
11100000100 20 15.6
01010010100 20 13.8
01101111101 20 17.3
11101011011 20 13.8
10101010101 20 10.4
11101010111 20 13.8
11101100111 20 15.6
01000111111 20 15.6
11100010111 20 17.3
00000011000 20 13.8
11000001111 20 13.8
11001101101 21 17.3
11101110000 21 13.8
01001001100 21 17.3
11111011001 21 15.6
11111010000 21 13.8
11111010110 21 15.6
00001011111 21 13.8
11101101110 21 13.8
01101011101 21 17.3
11111101000 21 13.8
11110110101 21 15.6
10111001111 21 15.6
01001100100 21 17.3
11000011111 21 13.8
11110000011 21 13.8
00000000110 21 12.1
01010111111 21 12.1
10110000110 21 19.0
00011111000 21 13.8
00000111100 21 13.8
01011011101 22 17.3
10111011011 22 15.6
11101101101 22 12.1
11000011100 22 15.6
00111011111 22 13.8
11000010000 22 12.1
11110000100 22 15.6
10111011110 22 15.6
01011011010 22 13.8
11101110101 22 13.8
11111000111 22 13.8
01011011001 22 17.3
11111000101 22 15.6
10001111111 22 12.1
10011110111 22 17.3
10110100111 22 17.3
00010100000 22 13.8
00000100001 22 12.1
00000011011 22 13.8
11110011000 23 15.6
11100011111 23 13.8
01111100111 23 13.8
01000001100 23 17.3
11111000011 23 13.8
00011100000 23 13.8
01001111101 23 19.0
11010011110 23 17.3
01011111101 24 17.3
11101101011 24 13.8
11100011000 24 13.8
01010011111 24 15.6
11000111111 24 13.8
01011101101 24 17.3
11100000111 24 13.8
10100000000 24 12.1
11100001000 24 15.6
00000110000 24 13.8
01010011100 24 17.3
11110000111 24 13.8
11010110111 24 13.8
00011011111 24 15.6
11111100101 24 15.6
11101111011 24 13.8
10110110011 24 17.3
00101111111 24 12.1
00111110000 25 13.8
00000101000 25 13.8
11111100110 25 15.6
01101011110 25 17.3
11100001110 25 15.6
01110101110 25 17.3
01001011110 25 17.3
11111010101 25 12.1
00000001001 25 13.8
10100111111 25 15.6
10000000001 25 10.4
11111001001 25 15.6
11111011000 26 15.6
01010101010 26 10.4
01010011110 26 17.3
10111110011 26 17.3
11011011101 26 15.6
01101110111 26 13.8
11000001110 26 15.6
01100000000 26 12.1
00010111111 26 13.8
11110000001 26 12.1
00110000000 27 13.8
11110010000 27 15.6
11101011110 27 15.6
11010101010 27 10.4
11110001110 27 15.6
01100111111 28 15.6
00001111100 28 13.8
11011111101 28 17.3
01011011100 28 15.6
10111111011 29 17.3
01001011010 29 17.3
11010111111 29 12.1
10111111101 29 17.3
11111110100 29 12.1
01111111101 30 13.8
01100000100 30 17.3
00000101111 30 13.8
10111011111 30 13.8
11011101111 30 12.1
11010101011 30 10.4
11110001100 31 15.6
00000001100 31 13.8
11101101111 32 12.1
11111100011 32 13.8
11111101010 32 12.1
11111011100 32 13.8
00100000110 33 17.3
01111111011 33 13.8
11110011110 33 13.8
11100001111 34 13.8
01101111111 34 13.8
01011001001 34 17.3
11110111011 35 12.1
10101111111 35 12.1
01100000111 35 15.6
01111110111 35 13.8
01011011110 35 15.6
11111101011 35 12.1
11011111011 36 13.8
10011111111 36 12.1
11111110010 36 15.6
11110111110 36 13.8
11101111110 37 13.8
01001111111 37 15.6
01111000110 38 17.3
11110000110 38 15.6
11111110011 38 13.8
01100001100 38 17.3
11110101111 38 13.8
11000001100 39 15.6
01111011111 39 12.1
01011001101 39 19.0
11111010111 39 13.8
11101110111 39 10.4
11101011111 39 13.8
10110110111 40 12.1
10111110111 40 15.6
10010110111 41 15.6
00010000000 41 12.1
11110111101 41 13.8
00000010000 41 12.1
11101111101 41 15.6
01111101111 42 13.8
01110111111 42 13.8
11110111010 42 12.1
11111110001 42 12.1
10111111110 43 13.8
11110001111 43 13.8
00001000000 43 12.1
10111101111 43 13.8
11111110101 44 12.1
11111011011 44 12.1
11011110111 44 13.8
11111101101 44 13.8
11100111111 44 13.8
11111100111 44 13.8
00000000100 46 12.1
01100100110 48 17.3
11110011111 48 13.8
11100001100 51 15.6
00000001000 51 12.1
11110110111 51 12.1
11001111111 51 13.8
10110111111 52 13.8
11011111110 52 13.8
11111011101 52 13.8
11111111001 54 12.1
01011011111 55 13.8
00000000010 56 12.1
11111000110 56 15.6
01111111110 58 10.4
11111110110 58 13.8
11011011111 59 12.1
01100001110 60 17.3
01000000000 61 12.1
11111111010 61 12.1
00000100000 61 10.4
11111001110 62 15.6
11111011110 64 12.1
11111101110 65 13.8
00100000000 65 12.1
11111110000 67 10.4
01011111111 67 12.1
11110111000 70 13.8
11111001111 70 13.8
11111100000 79 10.4
11111000000 82 10.4
01110000110 95 17.3
11111111000 97 10.4
00000011111 100 10.4
11100000000 101 10.4
00000001111 107 10.4
00000000111 114 10.4
00001111111 120 10.4
00000000011 125 10.4
00000111111 127 10.4
00111111111 130 10.4
11000000000 131 10.4
11101111111 133 12.1
11110000000 136 10.4
10000000000 142 8.6
11111111100 151 10.4
00011111111 163 10.4
11111111011 174 12.1
11111110111 174 12.1
11111011111 183 10.4
00000000001 184 8.6
11110111111 184 12.1
10111111111 185 12.1
11111101111 185 12.1
11011111111 187 12.1
01100000110 216 17.3
11111111101 224 12.1
01111111111 277 8.6
11111111110 513 8.6
00000000000 2498 3.5
11111111111 8476 3.5