01001001011 1 15.6
01010101110 1 13.8
01000111011 1 19.0
00111001111 1 13.8
00000110011 1 15.6
10110100100 1 15.6
00010101100 1 15.6
01011101101 1 17.3
00000001110 1 12.1
11110110010 1 17.3
01010100001 1 13.8
01101101111 1 13.8
10000000110 1 13.8
10001000111 1 15.6
10000101111 1 15.6
00111110010 1 17.3
00001000111 1 13.8
11011100011 1 17.3
01000100110 1 17.3
00011100111 1 13.8
01001000101 1 17.3
00001101011 1 15.6
00111101111 1 12.1
00100001100 1 17.3
10010001101 1 20.8
10001110000 1 15.6
00000110010 1 17.3
10110101010 1 15.6
11101001010 1 15.6
01011111110 1 13.8
01011100000 1 15.6
00011101010 1 15.6
00111101110 1 15.6
10001010101 1 13.8
01001001010 1 15.6
10110101110 1 19.0
11101101010 1 13.8
10011001100 1 13.8
10101001010 1 13.8
01000101100 1 17.3
00000001101 1 15.6
00000101010 1 12.1
11001101111 1 15.6
10000100001 1 13.8
01100101001 1 19.0
11110111010 1 12.1
10011010001 1 19.0
01000111100 1 17.3
00000010110 1 15.6
00010001111 1 13.8
00011100000 1 13.8
01101000011 1 19.0
01010100010 1 15.6
01000110011 1 17.3
11101101110 1 13.8
10010000010 1 17.3
01101111111 1 13.8
00010000101 1 15.6
00001110011 1 15.6
00101100000 1 15.6
00011111101 1 15.6
10000110001 1 15.6
10101101011 1 13.8
00001110110 1 17.3
01010001000 1 13.8
00110000001 1 13.8
00010110001 1 15.6
11011110100 1 17.3
10100010100 1 15.6
00101011010 1 15.6
01100010010 1 19.0
11000010011 1 15.6
10000110000 1 13.8
10100010001 1 13.8
00001100101 1 19.0
01000010010 1 17.3
00010110011 1 15.6
00001010010 1 17.3
01101010101 1 13.8
10010010101 1 15.6
11001011111 1 15.6
10111101100 1 17.3
00000011010 1 15.6
10101111111 1 12.1
01000101000 1 15.6
11101101011 1 13.8
11010101101 1 15.6
00000101111 1 13.8
11000111000 1 13.8
01111101010 1 13.8
00010110100 1 15.6
11011111000 1 15.6
10011010101 1 17.3
10101101000 1 15.6
00011111010 1 15.6
00001001010 1 15.6
10001110101 1 17.3
00100111000 1 15.6
11111001110 1 15.6
01010111111 1 12.1
11000010111 1 17.3
11011101111 1 12.1
00001010101 1 12.1
01111100000 1 12.1
01101111010 1 17.3
10001011110 1 17.3
11101011110 1 15.6
10011101000 1 17.3
11001010101 1 13.8
10011110010 1 19.0
01100001000 1 17.3
01010000001 1 13.8
00010011001 1 15.6
01010010010 1 15.6
10001010000 1 15.6
11100011111 1 13.8
01000100001 1 15.6
00101000001 1 13.8
00100111101 1 19.0
01101101011 1 15.6
11010000100 1 17.3
10001111000 1 15.6
10011101010 1 17.3
01100100101 1 17.3
00011001100 1 13.8
00001111010 1 15.6
10111111100 1 15.6
10001111100 1 15.6
10110100000 1 15.6
11010100101 1 15.6
11011011110 1 13.8
00011001111 1 15.6
11101110100 1 13.8
01010100101 1 15.6
01001111110 1 15.6
01110011001 1 17.3
01010010001 1 17.3
00001000110 1 15.6
00011011111 1 15.6
10011000100 1 17.3
10100100111 1 15.6
11000101001 1 17.3
00111001001 1 17.3
10010010100 1 15.6
01001101010 1 19.0
10001111110 1 13.8
00010000111 1 15.6
10000111001 1 17.3
10101001100 1 17.3
11110011111 1 13.8
10010100001 1 17.3
01100110110 1 17.3
00010010110 1 15.6
00110101000 1 15.6
01101011111 1 15.6
11001101100 1 17.3
01101011010 1 15.6
00011100110 1 15.6
01101101001 1 17.3
10100010010 1 17.3
10111110101 1 17.3
10010101000 1 15.6
00001011001 1 17.3
10001000110 1 17.3
00000101110 1 15.6
01111110100 1 13.8
10000100101 1 15.6
11100101110 1 17.3
11101101101 1 12.1
01010000011 1 15.6
10101000011 1 15.6
11101010010 1 17.3
10000000011 1 12.1
10101011101 1 15.6
10100101100 1 17.3
01001110111 1 17.3
00100000011 1 15.6
00001100010 1 15.6
01000000011 1 15.6
10101000000 1 12.1
11010011101 1 17.3
01001100011 1 19.0
00101000110 1 17.3
01100111010 1 17.3
10110101000 1 17.3
01110111110 1 15.6
00001101100 1 15.6
11111011110 1 12.1
10100010101 1 15.6
11111010100 1 12.1
00100011001 1 17.3
11111001111 1 13.8
00001101010 1 15.6
11110011001 1 15.6
00110011100 1 17.3
11001010000 1 15.6
00011110110 1 17.3
00110100000 1 15.6
01000111000 1 15.6
00101001011 1 13.8
11000101111 1 15.6
01100101100 1 17.3
10100101101 1 17.3
01111101111 1 13.8
11010110101 1 13.8
01000000101 1 17.3
00011001010 1 17.3
10001010001 1 17.3
00110011110 1 17.3
01001010101 1 15.6
01001111100 1 17.3
11110110100 1 15.6
01100110101 1 17.3
00001100100 1 17.3
01111001111 1 13.8
10000001110 1 13.8
00000011001 1 15.6
10001100111 1 17.3
01010111011 1 15.6
01110101001 1 17.3
01000110000 1 15.6
11110100101 1 15.6
01000001010 1 17.3
01000010111 1 19.0
10110111110 1 15.6
11010111110 1 13.8
11000111111 1 13.8
10011111110 1 13.8
01000010001 1 17.3
00001100011 1 13.8
01010111101 1 17.3
11001001100 1 17.3
00110011101 1 17.3
00011000010 1 15.6
01011111111 1 12.1
01101111100 1 15.6
00001000101 1 12.1
01000100100 1 15.6
00110010101 1 17.3
10000001001 1 15.6
00101101010 1 13.8
01111111001 1 13.8
10001100000 1 15.6
01010001110 1 17.3
01101110101 1 17.3
11111000001 1 12.1
10111001101 1 19.0
10010110110 1 17.3
11000001101 1 17.3
10011101001 1 17.3
01111010100 1 13.8
11000000011 1 13.8
11011101001 1 17.3
01110110000 1 17.3
00011110000 1 13.8
00110110111 1 12.1
10011010000 1 17.3
00010101110 1 15.6
01100011010 1 19.0
10100101110 1 17.3
11111011001 1 15.6
11100101101 1 17.3
11001000100 1 17.3
10010101010 1 13.8
10011011111 1 15.6
00001010110 1 15.6
01111101011 1 13.8
11001101001 1 17.3
11100010111 1 17.3
00000011100 1 13.8
01100100000 1 15.6
00011101111 1 13.8
00100100101 1 12.1
10010100100 1 15.6
11111110001 1 12.1
11100110101 1 17.3
11000100011 1 13.8
10110101001 1 19.0
10000101000 1 15.6
00100001110 1 17.3
00100100100 1 10.4
00001110111 1 13.8
10110100011 1 19.0
00001010111 1 13.8
11110100110 1 17.3
01010101011 1 10.4
01000000111 1 15.6
00000111100 1 13.8
00001101001 1 19.0
11010101000 1 12.1
10011111000 1 15.6
01001001001 1 13.8
01000110110 1 17.3
10111101101 1 17.3
10011000111 1 15.6
00010011111 1 13.8
00101100101 1 15.6
01110000100 1 17.3
11001100010 1 17.3
10110110011 1 17.3
10101000100 1 15.6
11000101000 1 15.6
00100101100 1 15.6
11100111101 1 15.6
01101001000 1 15.6
00111111111 1 10.4
11111010110 1 15.6
11001111010 1 17.3
00001101101 1 15.6
00011000111 1 13.8
00011010000 1 15.6
00010011000 1 15.6
10010100110 1 19.0
10010111110 1 17.3
10101010101 1 10.4
10010100010 1 17.3
01111000000 1 12.1
11100110010 1 15.6
10000001100 1 13.8
00101101000 1 15.6
01110001110 1 17.3
00101111111 1 12.1
00111000110 1 15.6
01110110110 1 15.6
10101001001 1 15.6
00000111000 1 13.8
10100111111 1 15.6
10100100000 1 13.8
00111001000 1 15.6
01100110011 1 13.8
00111011100 1 13.8
11011111110 1 13.8
00001010001 1 15.6
01100001100 1 17.3
11001011010 1 17.3
11000001010 1 15.6
11110101110 1 15.6
11010010100 1 13.8
10101110010 1 19.0
10001001000 1 13.8
00111110011 1 15.6
10111110010 1 19.0
11111100111 1 13.8
10000100110 1 17.3
11111100011 1 13.8
00010010010 1 12.1
01011011001 1 17.3
10100101001 1 15.6
11000001111 1 13.8
01011111010 1 17.3
00000100101 1 13.8
10100001000 1 15.6
11000100000 1 13.8
01000001001 1 17.3
10001010010 1 19.0
00111000010 1 19.0
11001111111 1 13.8
00000100011 1 13.8
11011110010 1 19.0
10011011101 1 17.3
10011001110 1 17.3
00100111111 1 13.8
10001110111 1 15.6
00010001101 1 17.3
10011011000 1 17.3
10001000001 1 15.6
11011110110 1 15.6
10101011111 1 12.1
10100110001 1 19.0
10101101101 1 15.6
10101111101 1 17.3
10100000100 2 15.6
01100101000 2 17.3
00010011100 2 15.6
11000010000 2 12.1
10001011100 2 17.3
10011000101 2 17.3
10000010100 2 13.8
01010010000 2 15.6
11111011111 2 10.4
00111111011 2 15.6
11111101101 2 13.8
10000000010 2 13.8
00001001100 2 15.6
11110111011 2 12.1
11110101111 2 13.8
01001000100 2 17.3
11111100110 2 15.6
11011111010 2 15.6
01010110010 2 19.0
10110100001 2 17.3
01010100000 2 12.1
00100100001 2 13.8
00000101001 2 15.6
01000101101 2 19.0
11000110110 2 17.3
01000000110 2 17.3
01101101100 2 13.8
11011101100 2 17.3
00010001001 2 13.8
11011111011 2 13.8
11000101010 2 13.8
10100000001 2 13.8
10111011011 2 15.6
11001011100 2 17.3
10101101001 2 17.3
11101110010 2 17.3
01101101110 2 15.6
10000011000 2 13.8
10010010000 2 13.8
11001111110 2 13.8
00010001100 2 15.6
11110110110 2 13.8
01111111110 2 10.4
10111110111 2 15.6
00100001001 2 15.6
10100110010 2 19.0
00000010101 2 12.1
00110001011 2 17.3
00100101001 2 15.6
00111101001 2 19.0
11011010101 2 13.8
10110101100 2 17.3
00000111110 2 12.1
01001101101 2 17.3
11111111000 2 10.4
00100101010 2 13.8
11000111010 2 17.3
01111111011 2 13.8
00000010011 2 13.8
11111010101 2 12.1
11111110110 2 13.8
10111111101 2 17.3
01010101001 2 13.8
10101110110 2 17.3
00101101001 2 17.3
00111000000 2 13.8
01001001000 2 12.1
01000100010 2 13.8
10001010100 2 13.8
11100111111 2 13.8
00000111111 2 10.4
01100001010 2 17.3
00010000110 2 17.3
00001110000 2 13.8
01001010000 2 17.3
10000010101 2 13.8
10100101000 2 13.8
11111000111 2 13.8
11011011111 2 12.1
01010001010 2 13.8
00101001001 2 15.6
10101010000 2 12.1
00011010101 2 15.6
11011001000 2 13.8
01111111100 2 12.1
01101000100 2 17.3
00101010100 2 10.4
00101000100 2 15.6
00001010100 2 12.1
01110101110 2 17.3
00101010111 2 12.1
10000001111 2 12.1
00011100010 2 15.6
00001011000 2 15.6
11101111100 2 13.8
11110000000 2 10.4
00101110000 2 15.6
10010100000 2 15.6
00010010111 2 13.8
00011111110 2 12.1
01100101010 2 17.3
11101011111 2 13.8
10011111111 2 12.1
00000100110 2 15.6
00100010010 2 17.3
01011111101 3 17.3
11111111010 3 12.1
01010101000 3 12.1
00001111110 3 12.1
11000011000 3 13.8
01110101111 3 15.6
10010000000 3 13.8
10000011100 3 15.6
10010001000 3 13.8
10100101010 3 15.6
00100011000 3 17.3
00010111000 3 17.3
01111011100 3 15.6
11010101010 3 10.4
00100000101 3 15.6
00010010001 3 13.8
00001111000 3 13.8
10010011000 3 17.3
00100010100 3 15.6
00000101101 3 15.6
00000100001 3 12.1
10001001010 3 17.3
11111101011 3 12.1
00010100100 3 13.8
00001100001 3 13.8
11110111101 3 13.8
00001110100 3 15.6
10000000100 3 13.8
11111111001 3 12.1
11111101110 3 13.8
00101010000 3 12.1
00111111110 3 12.1
10001000000 3 13.8
00110000100 3 17.3
00010100001 3 15.6
00010010100 3 13.8
11000011100 3 15.6
10101101010 3 13.8
00000100111 3 15.6
00100101000 3 13.8
00000001111 3 10.4
11111010111 3 13.8
00010100010 3 15.6
01010000100 3 17.3
01011001000 3 15.6
11010110110 3 15.6
00000000110 3 12.1
01000101010 4 15.6
00101000010 4 15.6
00000010001 4 13.8
00100000010 4 17.3
10101001000 4 13.8
11011111111 4 12.1
00101001000 4 13.8
00001111111 4 10.4
00010101000 4 13.8
00011111000 4 13.8
10000100000 4 12.1
10110000000 4 15.6
00100000110 4 17.3
01001000000 4 13.8
11000000000 5 10.4
01000010000 5 13.8
00010001010 5 13.8
10000000001 5 10.4
00000010100 5 12.1
11101111111 5 12.1
10111111111 5 12.1
00100001010 5 17.3
00001101000 5 15.6
11111111100 5 10.4
00100010001 5 13.8
11111110101 5 12.1
00100100000 5 12.1
00010000100 5 13.8
00001000001 5 13.8
00011000000 5 13.8
00000010111 6 13.8
00000001011 6 12.1
00001000100 6 12.1
10000010000 6 13.8
00010010000 6 12.1
10000001010 6 13.8
01010000000 6 12.1
00000100100 6 12.1
00100100010 6 15.6
10100000000 6 12.1
00001100000 7 13.8
00011111111 7 10.4
01000001000 7 15.6
00000110000 7 13.8
01000100000 7 13.8
01100000000 7 12.1
00101000000 7 12.1
00000010010 8 13.8
01000001100 8 17.3
11111110111 8 12.1
00001000010 8 13.8
11110111111 8 12.1
00100000001 8 13.8
00000011000 8 13.8
01000000001 9 13.8
00000101000 9 13.8
11111101111 9 12.1
00000000111 9 10.4
00000100010 10 13.8
00110000000 10 13.8
00010000001 10 13.8
01000000100 11 17.3
00010000010 11 15.6
00001010000 11 13.8
00100000100 11 13.8
01000000010 11 17.3
10000001000 12 13.8
00000001100 12 13.8
00100001000 12 13.8
01111111111 12 8.6
00100010000 12 12.1
00000000011 14 10.4
00010100000 14 13.8
00010001000 14 10.4
11111111011 17 12.1
00000000101 18 12.1
00000001010 19 12.1
00000001001 21 13.8
00001001000 23 12.1
11111111101 26 12.1
11111111110 32 8.6
00000000100 65 12.1
00000000010 76 12.1
00000100000 85 10.4
00000010000 88 12.1
00000000001 94 8.6
00010000000 107 12.1
10000000000 113 8.6
00001000000 116 12.1
01000000000 123 12.1
00100000000 125 12.1
11111111111 364 3.5
00000001000 750 12.1
00000000000 36324 3.5