100001100000101 1 19.5
011001100000101 1 23.4
111011110111110 1 17.6
000100010010111 1 19.5
010101001000000 1 17.6
110110111111111 1 13.7
101101111100110 1 23.4
000010000000001 1 15.6
000111011111111 1 17.6
010101010001011 1 17.6
110010100101001 1 19.5
001001010100101 1 17.6
001000001000001 1 15.6
101111111110111 1 19.5
001110001101111 1 19.5
100000000001011 1 15.6
000000010101000 1 15.6
001100010100000 1 21.5
111110010111011 1 21.5
000001010010100 1 17.6
101101001111010 1 23.4
000010101000100 1 17.6
011111111111011 1 15.6
000011110001100 1 19.5
001010001101110 1 23.4
101011010010110 1 21.5
011000001001000 1 19.5
000110110111110 1 19.5
000011000101100 1 21.5
101000100101010 1 19.5
001101101010010 1 23.4
010000001100000 1 17.6
010011011010111 1 21.5
000100010110000 1 17.6
000100010001000 1 11.7
000100101011000 1 19.5
010000010010000 1 19.5
000101000001000 1 19.5
100010011100000 1 21.5
000010001110000 1 17.6
000001101011111 1 19.5
111011110111101 1 17.6
110001000011010 1 23.4
000000010101100 1 17.6
010111101101110 1 21.5
010001100010000 1 19.5
001000100000001 1 17.6
001111111000001 1 17.6
101011101100010 1 23.4
111111110110110 1 15.6
011111110100010 1 19.5
000110101110011 1 23.4
111001110011110 1 19.5
000001011101101 1 21.5
010000010001000 1 17.6
000001000101101 1 21.5
100000010101100 1 19.5
001000000001010 1 19.5
000000101100001 1 19.5
000000000110001 1 17.6
000111100100010 1 21.5
000110001001000 1 19.5
001011000100111 1 23.4
100010111111110 1 19.5
110101001110100 1 21.5
100001001010010 1 21.5
111101101001111 1 21.5
100010000010000 1 17.6
111111100000111 1 15.6
100000010101000 1 17.6
001110001000001 1 19.5
000001011000101 1 19.5
101111101101100 1 19.5
000000001111001 1 17.6
010100011000110 1 21.5
110101010101011 1 11.7
101101101111011 1 19.5
000011010010010 1 21.5
010000001000001 1 19.5
010011010001011 1 23.4
111011110110010 1 21.5
101010101101101 1 17.6
010100101010100 1 17.6
000011000111010 1 21.5
110111111111111 1 13.7
011010111111110 1 19.5
111110111111011 1 17.6
000000000100110 1 17.6
001001000111000 1 19.5
000000010011110 1 17.6
011000010111101 1 25.4
101000000001010 1 19.5
000110001111111 1 17.6
011000000000110 1 19.5
010000110000000 1 19.5
111101110111011 1 13.7
111001010111000 1 19.5
000000000011010 1 17.6
101101111101010 1 21.5
000011100100010 1 21.5
101001100110010 1 21.5
111111111011010 1 15.6
011001001010001 1 25.4
101001000000100 1 21.5
100111001101010 1 23.4
100011011101011 1 21.5
001001010100010 1 21.5
111101111011111 1 11.7
100001000010101 1 19.5
000010000110000 1 17.6
000011000001010 1 19.5
000110101010110 1 21.5
000000011100000 1 15.6
000100100010000 1 15.6
010100010110001 1 21.5
011110101101011 1 19.5
000100000001001 1 19.5
011001101101010 1 21.5
101111010011111 1 21.5
101010111010100 1 17.6
111011100111101 1 21.5
000111100000000 1 15.6
010110000000010 1 23.4
111011010110110 1 17.6
100001001000000 1 17.6
000000100010101 1 17.6
101000001000100 1 19.5
000000000111111 1 11.7
010011000101110 1 25.4
001010100110000 1 21.5
011111111100101 1 19.5
000110101101011 1 19.5
001001001001000 1 11.7
011101110101111 1 17.6
000011001000000 1 17.6
010001010010101 1 19.5
000110000110000 1 15.6
000011011010100 1 19.5
000101000100011 1 17.6
000000010001100 1 17.6
000101111111001 1 19.5
001100011101111 1 19.5
110111101110001 1 21.5
001110010001101 1 25.4
000011110000000 1 15.6
000000011001000 1 19.5
000010010010001 1 17.6
101111101110100 1 21.5
101011010100101 1 19.5
000000000100101 1 15.6
100011000101010 1 19.5
000001010000101 1 17.6
000000011000010 1 19.5
010001010101011 1 17.6
111011110110110 1 19.5
010001000000101 1 19.5
010101100101001 1 23.4
000010011101001 1 21.5
101101101101100 1 15.6
110010011101000 1 21.5
110010110111110 1 21.5
000111100000110 1 21.5
010001001111100 1 21.5
000111110110001 1 21.5
110010011010100 1 21.5
010001000000100 1 19.5
010000100000010 1 21.5
000001101000000 1 17.6
000010110110011 1 21.5
111110110110011 1 19.5
100010101000000 1 17.6
010011111111111 1 17.6
001100101111011 1 23.4
101010110101100 1 19.5
010010100000000 1 19.5
000010001100000 1 17.6
000011011001111 1 23.4
100111111111110 1 15.6
010010010010100 1 17.6
000000101100000 1 17.6
111110110111010 1 19.5
010000000010010 1 21.5
010101100001000 1 23.4
010000110100000 1 19.5
110101000100110 1 21.5
110111100111111 1 21.5
000111011111001 1 23.4
010000000011000 1 19.5
010001010000000 1 19.5
000000010111111 1 15.6
100111100110101 1 23.4
010000000111010 1 23.4
101000000011010 1 21.5
000010000101001 1 19.5
001110101010100 1 15.6
011011111101101 1 23.4
010010001010001 1 23.4
101101101100100 1 17.6
111111101101110 1 17.6
100000100111101 1 23.4
011001110000110 1 23.4
000001001010010 1 19.5
001111111101100 1 19.5
111110110111000 1 19.5
000001000101000 1 17.6
000010000010001 1 17.6
100000101000101 1 21.5
000001000100110 1 19.5
000110000001000 1 19.5
010000000100100 1 19.5
001001000010101 1 19.5
000101010110101 1 19.5
100001111111111 1 13.7
010010000001000 1 21.5
000010111100010 1 21.5
001000100000101 1 19.5
011001110101110 1 23.4
001010100101010 1 15.6
100111111001100 1 23.4
101010100000000 1 13.7
101010100101000 1 17.6
001000010101110 1 23.4
100010000000001 1 17.6
010001011010101 1 21.5
011000100101001 1 25.4
010110111011100 1 19.5
000000101000010 1 19.5
000110000011111 1 17.6
101011010101101 1 19.5
000001110000100 1 19.5
101000000000001 1 15.6
010001010100110 1 23.4
000100101000000 1 17.6
100100010000000 1 17.6
001101001101011 1 21.5
111111111100001 1 13.7
010101111011110 1 19.5
001001000111011 1 23.4
001010001000101 1 17.6
111111100110100 1 19.5
110001000001110 1 21.5
101110001001010 1 25.4
010110100110010 1 25.4
111111101011110 1 17.6
100000000111000 1 17.6
011110101111011 1 19.5
000101111100110 1 21.5
111110101111010 1 17.6
000100100101101 1 17.6
100101000110110 1 23.4
101001111100101 1 23.4
000010111010000 1 19.5
100000000011001 1 17.6
001010101010000 1 13.7
001100100000000 1 17.6
011011011000011 1 21.5
000010011001000 1 17.6
010001111111110 1 19.5
001001010101001 1 19.5
000000010001111 1 17.6
101010100111011 1 21.5
111111101011111 1 15.6
111111111110110 1 15.6
111111110111011 1 15.6
011011000100000 1 19.5
111011111110100 1 19.5
001000001001000 1 17.6
000100000001101 1 21.5
010110110000000 1 17.6
111000100101100 1 21.5
010101001010110 1 19.5
000110111100010 1 25.4
010010001010000 1 21.5
001100101010000 1 21.5
011000000101000 1 21.5
101100101000010 1 25.4
000010011101010 1 21.5
011101101111000 1 21.5
010000000100001 1 19.5
010100000000001 1 15.6
000000001101111 1 17.6
000001100100010 1 21.5
010101001001010 1 19.5
001100000000111 1 17.6
101111110001111 1 21.5
000110110001010 1 23.4
101000100000100 1 19.5
010101100010110 1 21.5
000000010001010 1 17.6
000001101011010 1 19.5
001000010000001 1 17.6
000000011111100 1 15.6
110111101010111 1 17.6
000000101101100 1 17.6
001010111000100 1 21.5
000001110001000 1 19.5
011011110111010 1 21.5
000000101100011 1 19.5
000100000101110 1 21.5
001101000000000 1 17.6
000000101000001 1 17.6
100010100100010 1 19.5
111110001011111 1 19.5
100000110000000 1 17.6
101100001101010 1 25.4
001000000010011 1 21.5
111110011101101 1 23.4
111010111110110 1 21.5
101100111101001 1 27.3
010100000001000 1 19.5
110111111000011 1 21.5
000001100010000 1 17.6
000010010000101 1 19.5
010100100010010 1 21.5
100001100010111 1 21.5
010111110110111 1 17.6
000000000110010 1 19.5
000100010101000 1 15.6
111010111111100 1 19.5
111110111001111 1 17.6
000011111111110 1 13.7
010100100000000 1 17.6
010100001010010 1 23.4
111111111110001 1 13.7
010010000010000 1 19.5
001001000001001 1 19.5
100100100000000 1 15.6
000000000111000 1 15.6
000111100000001 1 17.6
011111111111110 1 11.7
000110101101111 1 21.5
001000000010101 1 19.5
100001000000111 1 19.5
011011110111111 1 17.6
010011100111010 1 21.5
010111111101011 1 19.5
000000010000101 1 17.6
001001000101101 1 21.5
001110010001100 1 23.4
100000111011110 1 21.5
000001000010100 1 17.6
000000001110100 1 17.6
111101111001111 1 17.6
001010000100000 1 17.6
001010000000110 1 19.5
111111101100111 1 17.6
000001100101000 1 21.5
000010000001001 1 19.5
000111000000111 1 17.6
000000010010001 1 17.6
010100000101010 1 19.5
100000110000100 1 21.5
010101010100101 1 17.6
000101110001110 1 21.5
010001000101000 1 17.6
000000001100101 1 21.5
011000000010000 1 19.5
100111110111111 1 17.6
010011101111000 1 23.4
011001011110011 1 21.5
101010111110101 1 19.5
000000110001100 1 17.6
000000110101110 1 21.5
010000001001000 1 17.6
000000001100001 1 17.6
000010000101000 1 17.6
100000101010100 1 15.6
010100010010100 1 19.5
010001001010101 1 19.5
001111000111100 1 15.6
001000000010010 1 21.5
111111011111110 1 15.6
101110100100111 1 21.5
000010101101000 1 19.5
010111011111000 1 19.5
001000001001010 1 19.5
011111110111011 1 17.6
101101001101101 1 21.5
101000111001000 1 21.5
011110111110100 1 21.5
000000001110110 1 19.5
110001010101011 1 15.6
110101001100100 1 19.5
010001001101010 1 23.4
100000111010111 1 21.5
111101100101001 1 23.4
000010100001000 1 19.5
001101010000110 1 21.5
111111001010101 1 17.6
111111111011000 1 17.6
100000111001010 1 23.4
011011011010101 1 17.6
000001100001100 1 17.6
000000100010111 1 17.6
001110111001110 1 19.5
001111101110111 1 15.6
000111000000100 1 21.5
000100100101000 1 15.6
110110101111111 1 17.6
100000100100100 1 15.6
000000011010001 1 21.5
100010101010000 1 17.6
111111111110010 1 17.6
000000011111000 1 15.6
111111111100111 1 15.6
001001010100011 1 19.5
011100000100011 1 21.5
111011101101010 1 17.6
000000101001000 1 17.6
100100100001000 1 19.5
100000111001111 1 19.5
111111111010111 1 15.6
001110101010110 1 19.5
111111110011101 1 19.5
000000110010000 1 19.5
111111111011011 1 13.7
100000000000100 1 15.6
001010101001001 1 17.6
000110000010010 1 21.5
000010111100111 1 21.5
010101010111011 1 17.6
001100000000001 1 15.6
011000001000000 1 17.6
001010111101111 1 17.6
000000000100111 1 17.6
010110010001000 1 21.5
001010101000000 1 13.7
000000011011000 1 19.5
001101000101101 1 23.4
111111111001110 1 17.6
010010011000000 1 21.5
000110011110000 1 21.5
010000000010100 1 19.5
000010101011001 1 19.5
110101101001110 1 23.4
101111101111010 1 21.5
100110111101111 1 19.5
000000101001010 1 17.6
100100001100010 1 23.4
011000011101111 1 21.5
101011001101100 1 23.4
101101111111111 1 15.6
111110100111011 1 19.5
000010111100000 1 19.5
001001000101010 1 19.5
111111111111000 1 11.7
000101101001100 1 21.5
100100101110011 1 23.4
010101010011001 1 19.5
000010001001000 1 15.6
000011010000011 1 19.5
000100100001011 1 19.5
010010100001010 1 23.4
000100000001111 1 17.6
111111010110001 1 21.5
001010010000000 1 17.6
101111001111010 1 21.5
100001010100000 1 17.6
000110101101000 1 21.5
000100001001100 1 21.5
000011001111101 1 21.5
100001101000000 1 19.5
111111111001001 1 17.6
001100101000000 1 21.5
010010100010000 1 19.5
001000010000010 1 19.5
001001011111101 1 21.5
100010100100001 1 21.5
111111100001011 1 17.6
100000000010110 1 19.5
010101100100100 1 19.5
100000010010001 1 19.5
100011011001000 1 21.5
101010100101001 1 19.5
100001100000000 1 17.6
001010100100001 1 19.5
001010101001000 1 15.6
010100000101000 1 17.6
110100100110010 1 23.4
010101000000011 1 17.6
000000001010010 1 19.5
000000101011001 1 19.5
001010000000111 1 17.6
000011000101110 1 23.4
001000110100000 1 19.5
010011000010000 1 21.5
011010000010000 1 21.5
010001100010010 1 23.4
101111111111011 1 19.5
001001000001000 1 17.6
010001101000110 1 19.5
101010100010001 1 17.6
100100010101110 1 23.4
010100110001110 1 25.4
010000000101010 1 19.5
000100100010101 1 19.5
010010000000000 1 15.6
001001011001010 1 19.5
001010101001010 1 17.6
000000001000011 1 15.6
000000000010010 1 15.6
001111101111111 1 15.6
000001010100001 1 17.6
111110111101111 1 11.7
010111111010111 1 19.5
110010100110110 1 23.4
000000001001010 1 17.6
000100100101010 1 15.6
101101111111011 1 21.5
010011010110010 1 23.4
010000101000000 1 19.5
000011100001100 1 19.5
100010000001000 1 17.6
001110011111111 1 17.6
011001101000010 1 25.4
000000110000100 1 21.5
100101001001110 1 23.4
100100001100000 1 21.5
000101011110010 1 23.4
000101100000110 1 21.5
000010100000001 1 17.6
101010100101010 1 15.6
111101011111111 1 15.6
110100100100100 1 15.6
100100000000010 1 21.5
001010001001000 1 19.5
010010100101001 1 19.5
000001000100010 1 15.6
001000100001001 1 21.5
001100000010000 1 19.5
011011010101001 1 21.5
000101000001100 1 21.5
000010110100000 1 19.5
100111111111111 1 13.7
010001100000010 1 23.4
000011111111101 1 17.6
111111111001010 1 17.6
000110100101010 1 21.5
010010010100110 1 23.4
110000001000010 1 19.5
000110000011100 1 19.5
111110101100110 1 21.5
010001000000010 1 19.5
111011100110101 1 21.5
100000000001100 1 15.6
001100100111000 1 23.4
000100100010001 1 17.6
000010000000100 1 17.6
001101001100100 1 21.5
100100010010101 1 21.5
000001010100000 1 15.6
100001001010000 1 19.5
010011110101010 1 21.5
000100100000110 1 19.5
000110011010100 1 19.5
000011111001001 1 21.5
100011011110001 1 23.4
100010001010000 1 17.6
111111111110100 1 13.7
000010100011001 1 21.5
001100110000000 1 17.6
000100010000110 1 19.5
101000010000000 1 17.6
000101000100001 1 19.5
111110111110110 1 15.6
101010101001010 1 17.6
111111110101111 1 15.6
111111100100110 1 21.5
010001111111000 1 19.5
000011000100100 1 19.5
000010011010001 1 21.5
001000011111000 1 21.5
001000100000100 1 19.5
000011111101110 1 19.5
000010001000001 1 15.6
111100110110101 1 23.4
111000101101011 1 19.5
000000000011011 1 15.6
111111110110101 1 17.6
001000010100001 1 19.5
010110100000001 1 19.5
101001101110010 1 25.4
001001100100010 1 21.5
000000100110000 1 17.6
011111110111001 1 21.5
010000000000101 1 19.5
000110010010000 1 19.5
000101101011111 1 19.5
000100110010001 1 19.5
111010110100101 1 19.5
101011101011101 1 17.6
010000010100000 1 17.6
000001001001001 1 15.6
010011010101011 1 21.5
001000100111000 1 21.5
000110100000100 1 21.5
000000110000110 1 19.5
111111101111011 1 15.6
000110110001000 1 21.5
000000000010101 1 13.7
000001000001100 1 17.6
011111111110010 1 17.6
000100000010001 1 17.6
000011111111111 1 11.7
010110110101001 1 21.5
010000000001101 1 21.5
000001010000100 1 17.6
001001101010000 1 19.5
101110101001110 1 23.4
111010111100001 1 21.5
101011010110100 1 15.6
111011111011101 1 19.5
101010001001010 1 19.5
111111111101110 1 15.6
000100010000001 1 15.6
111101111101111 1 15.6
000100011111111 1 15.6
000011100010000 1 17.6
001110111100111 1 19.5
011000000110101 1 23.4
000000011001001 1 21.5
011111010110101 1 19.5
111010000000000 1 15.6
001000100001000 1 19.5
000101111000100 1 21.5
000011110010000 1 19.5
101010010010000 1 17.6
100000010010000 1 17.6
000101010010000 1 17.6
000110011110010 1 23.4
111111010101110 1 17.6
000000001100010 1 19.5
111011000111010 1 21.5
001000000010001 1 19.5
101011001010101 1 21.5
001000000011111 1 17.6
000000010000110 1 19.5
100000011100000 1 17.6
001110111111111 1 15.6
001010001110000 1 19.5
010001010011111 1 21.5
001011000100110 1 23.4
011111010101011 1 15.6
000000100000011 1 13.7
000100001001101 1 21.5
000100101100010 1 21.5
000001001001010 1 17.6
000000010100011 1 17.6
000100101010010 1 19.5
011101111111111 1 15.6
000011010001000 1 17.6
010101101000010 1 23.4
000101000110110 1 21.5
101001110100111 1 19.5
001010000111111 1 17.6
000010000100110 1 19.5
010111001110101 1 23.4
000000100010010 1 19.5
010010100000110 1 25.4
010100000100000 1 17.6
011101111010100 1 21.5
010110100111101 1 25.4
001010000011000 1 19.5
111011010101010 1 15.6
111111111101101 1 15.6
001011100100100 1 19.5
000110111111111 1 17.6
010001100000000 1 19.5
010100101000100 1 19.5
101010100100101 1 17.6
101110010011010 1 23.4
111111110110010 1 19.5
111101001111111 1 19.5
000001001000011 1 17.6
010101111101000 1 21.5
101000101111010 1 23.4
010110011111101 1 25.4
001010000010100 1 19.5
000100001011000 1 21.5
001000000100100 1 19.5
101000101101010 1 21.5
001111101110011 1 21.5
000000011101010 1 17.6
001101101110101 1 21.5
111111111011101 1 15.6
101110110110011 1 23.4
100101001000000 1 19.5
101000101010000 1 17.6
111110111111100 1 15.6
001100100100000 1 19.5
010100101010000 1 19.5
100000110100101 1 23.4
000100100010010 1 17.6
010110110100111 1 19.5
001001100110001 1 21.5
111101111111011 1 17.6
011111001010000 1 21.5
011001100101110 1 23.4
101101010101011 1 17.6
000111111100011 1 17.6
011010110100101 1 21.5
000000000110110 1 17.6
000100000000101 1 19.5
101000011001100 1 23.4
011111100101111 1 19.5
111111101101010 1 17.6
001000000010000 1 17.6
000110010001000 1 17.6
101010001000110 1 21.5
010010000111001 1 23.4
111010111111111 1 15.6
000000001101100 1 17.6
111101110110010 1 19.5
000001110000000 1 15.6
000010011010000 1 19.5
111111011011111 1 15.6
111011111001111 1 19.5
000000010010100 1 17.6
111101110110110 1 17.6
111111001111111 1 15.6
000111000010001 1 21.5
001101010010010 1 21.5
011111110111101 1 19.5
000001001001000 1 13.7
001101011001011 1 21.5
101101111011000 1 23.4
100001001100011 1 21.5
110001111010000 1 19.5
000011101110001 1 21.5
111001011101101 1 23.4
000100000000110 1 19.5
010010111101010 1 23.4
001000001101011 1 23.4
000011111000000 1 15.6
000001101000010 1 21.5
000000011010101 1 17.6
000100000000010 1 19.5
000000001100100 1 19.5
010100100001000 1 19.5
000000111000110 1 19.5
101010101101010 1 17.6
000000001110111 1 15.6
001100000101111 1 21.5
000100010011010 1 21.5
000010000100101 1 17.6
110001100101000 1 21.5
011010100101001 1 21.5
101000010001010 1 21.5
100100000000001 1 17.6
100111101100100 1 21.5
100111111100011 1 19.5
111110111111110 1 15.6
000100000100010 1 19.5
000100001000010 1 17.6
010000000000010 1 19.5
101001111101111 1 21.5
001001001100000 1 19.5
000001010110000 1 17.6
001000101001001 1 21.5
001000101001000 1 17.6
001000011000010 1 21.5
100001101111111 1 17.6
001011001101101 1 21.5
110011001100001 1 19.5
001000000001111 1 17.6
000001100000100 1 19.5
000101001100000 1 21.5
000000000101101 1 17.6
000100101011001 1 21.5
010000001000010 1 21.5
001001000000100 1 19.5
001100000000011 1 17.6
111001010001101 1 25.4
001001000000101 1 19.5
011010111011111 1 19.5
101001101101101 1 19.5
011001100001110 1 23.4
110100101101101 1 21.5
000100000011000 1 19.5
111111110011111 1 15.6
111101110001110 1 19.5
100011001110101 1 23.4
000000001010001 1 17.6
010100100010101 1 19.5
000000100001001 1 17.6
000000001101101 1 17.6
010010010111101 1 23.4
011111111111010 1 15.6
100100010100100 1 21.5
000000101011100 1 17.6
000010101001000 1 17.6
010000000010000 1 17.6
001000000110010 1 25.4
111111011101001 1 19.5
100100111111111 1 17.6
000011011000100 1 23.4
101111010111001 1 23.4
000101000100100 1 19.5
000110011100101 1 23.4
000000001011000 1 17.6
010000011001110 1 23.4
010001101000000 1 19.5
010100100100000 1 17.6
000110000110100 1 19.5
110000000000000 2 11.7
000011100001000 2 19.5
000000101000100 2 19.5
000000111100000 2 15.6
100000000100000 2 15.6
100000001000000 2 15.6
000001000000101 2 17.6
000001000000110 2 19.5
000010001000100 2 13.7
000000111111111 2 11.7
000000000101001 2 17.6
000001000010011 2 17.6
001000000001000 2 19.5
001000100101000 2 19.5
110111111010111 2 19.5
000011000100000 2 17.6
000001001111000 2 19.5
000000001010100 2 13.7
000000100010001 2 15.6
111111110111110 2 15.6
000010010011101 2 19.5
000000101001001 2 19.5
000010000100010 2 17.6
010000100100000 2 19.5
111101110111111 2 13.7
100000000010000 2 15.6
000100001000001 2 17.6
000011110001010 2 21.5
010001100111110 2 21.5
100000110100100 2 21.5
000010010010101 2 17.6
000000100000010 2 15.6
000110100000110 2 19.5
000110000000000 2 15.6
000001100001000 2 19.5
000000100000110 2 17.6
001111100011111 2 15.6
000000000101111 2 15.6
000011110001000 2 19.5
000000010010110 2 19.5
000000001000110 2 19.5
111110111111000 2 17.6
000000100100010 2 19.5
000101001001100 2 21.5
001000101100010 2 21.5
000001000001010 2 17.6
000001100000010 2 17.6
001000100101001 2 21.5
001010100000000 2 13.7
000000011010000 2 19.5
000000100101000 2 17.6
000000001100111 2 17.6
000000111000100 2 21.5
000111110000000 2 15.6
000000010000011 2 15.6
101011100101000 2 21.5
011111111111101 2 15.6
100000000000010 2 15.6
000010010100001 2 17.6
001010000001000 2 19.5
001001000100001 2 19.5
100000000010001 2 17.6
001001001000100 2 17.6
000000010101010 2 13.7
111111111011001 2 17.6
000000100000101 2 15.6
000010011110000 2 19.5
010001001001000 2 17.6
000001010010000 2 17.6
000000000011111 2 11.7
000010110000000 2 19.5
001001100000000 2 19.5
000000100001010 2 19.5
100000010100000 2 17.6
000000001000101 2 15.6
001001000101000 2 19.5
000100000010000 2 15.6
111111111100110 2 17.6
001100000000000 2 15.6
000000000100011 2 15.6
000101010011000 2 21.5
000010010100010 2 19.5
010100001001001 2 21.5
011001110000100 2 25.4
000010000010100 2 19.5
000010101000000 2 15.6
000000000011000 2 15.6
111100111111000 2 17.6
000011100110100 2 21.5
111101111111110 2 15.6
101110111011111 2 15.6
110100110001011 2 23.4
111110111111101 2 17.6
000000001111100 2 15.6
000000001000100 2 15.6
000010100100010 2 19.5
100000001010000 2 17.6
000111100001111 2 15.6
111110111110111 2 13.7
000010000011000 2 19.5
000000111000000 2 15.6
000010110001010 2 17.6
000001111111111 2 11.7
001001100010100 2 21.5
000000010100100 2 17.6
000000001101000 2 19.5
100000000000110 2 15.6
100011000000000 2 17.6
000110000010000 2 19.5
000000000001110 2 13.7
000000001110000 3 15.6
010000001000100 3 19.5
100100000000000 3 15.6
000000000101000 3 15.6
101000000000000 3 13.7
000000000001101 3 17.6
010000100010000 3 17.6
111111100111100 3 17.6
000001010000000 3 15.6
001001000100000 3 17.6
000001001000000 3 15.6
000101100000000 3 19.5
001010100001000 3 19.5
100000000000001 3 11.7
010010000001010 3 21.5
000000010010101 3 17.6
000110100001000 3 21.5
000000100000001 3 15.6
111111110111101 3 17.6
000110100000000 3 17.6
000100000100000 3 13.7
001000000000011 3 17.6
100001000000010 3 19.5
111111010111101 3 19.5
100000000001000 3 15.6
111111101111110 3 13.7
000010000000010 3 17.6
000000010000100 3 15.6
000000000001111 3 11.7
000010011000000 3 19.5
001000000100000 3 17.6
000001100010011 3 21.5
000000110001000 3 19.5
000100000001000 3 15.6
001000010000100 3 15.6
000000000100001 3 15.6
000100000000100 3 19.5
000001000000010 3 17.6
000010010000100 3 17.6
000000000010111 3 15.6
000000110100000 3 17.6
000000010100010 3 19.5
001001000000001 3 15.6
111011111111111 3 13.7
000101000000100 3 19.5
001000000101001 3 21.5
111011111111110 4 15.6
111111101101111 4 15.6
000000001100000 4 15.6
111111111011111 4 13.7
010000000100000 4 17.6
001010000000001 4 15.6
000001000100000 4 15.6
000000010001000 4 13.7
111111111111100 4 11.7
000000010000001 4 13.7
111111111101011 4 13.7
001111111111111 4 11.7
111111111011110 4 15.6
000000000100100 4 13.7
000000000000110 4 13.7
111111111111010 4 13.7
010000000000100 4 19.5
000000001010000 4 15.6
001000001000000 4 13.7
101111111111111 4 13.7
001000000000010 4 19.5
000001000010000 4 11.7
111111110111111 4 13.7
100000010000000 4 13.7
000000001000001 5 15.6
001001000000000 5 13.7
000010001000000 5 13.7
000100000000001 5 15.6
000000100001000 5 15.6
001000010000000 5 15.6
111111101111111 5 11.7
100010000000000 5 15.6
111110111111111 5 13.7
000100110000000 5 19.5
111101111111111 5 13.7
001001010000000 5 17.6
000001000000001 5 15.6
111111111110101 5 13.7
010000100000000 5 17.6
000010100100000 5 17.6
000000001000010 5 17.6
010000010000000 5 17.6
010000000001000 5 19.5
010001000000000 5 15.6
000010000001010 5 19.5
000001000001000 6 13.7
000100001000000 6 15.6
000000000110000 6 15.6
000000100100000 6 15.6
000000100010000 6 13.7
000010000001000 6 15.6
010000001000000 6 15.6
100001000000000 6 15.6
000000010000010 6 17.6
010100000000000 6 13.7
000000000100010 6 15.6
000001000000100 7 17.6
000101000000000 7 15.6
000000011000000 7 15.6
000000000000111 7 11.7
000000000010100 7 13.7
011000000000000 7 13.7
000100010000000 7 13.7
111111011111111 7 13.7
001000000000001 8 15.6
000010000100000 8 11.7
001010000000000 8 13.7
000000010010000 8 15.6
000000010100000 9 15.6
000010010000000 9 15.6
001000100000000 9 15.6
000000000000101 9 13.7
011111111111111 10 9.8
000000101000000 10 15.6
111111111110111 11 13.7
000010000010000 11 15.6
000010100000000 12 15.6
000100100000000 12 13.7
000000110000000 12 15.6
000000100000100 12 13.7
000000001001000 13 13.7
000011000000000 14 15.6
111111111101111 14 13.7
000000000000011 15 11.7
000000000001100 16 15.6
000000000001010 17 13.7
000000000001001 18 15.6
111111111111011 22 13.7
111111111111110 33 9.8
111111111111101 34 13.7
000001100000000 37 15.6
000000000000100 51 13.7
100000000000000 59 9.8
000000000100000 66 13.7
000000000010000 66 13.7
000000010000000 67 11.7
001000000000000 71 13.7
000000001000000 75 13.7
000000000000001 77 9.8
010000000000000 82 13.7
000000000000010 84 13.7
000100000000000 111 13.7
000010000000000 114 13.7
000000100000000 114 13.7
000001000000000 119 13.7
111111111111111 453 3.9
000000000001000 723 13.7
000000000000000 32432 3.9