0.0 0000000000000000 0.073
0.0 0000000000000000 0.073
3.8 1111111111111110 0.002
3.8 0111111111111111 0.001
5.0 0000000011111111 0.104
5.0 0111111111111110 0.0
6.2 0000011111111110 0.002
6.2 0101000000000000 0.0
7.5 0011111111000000 0.003
7.5 1100000100000000 0.0
8.8 0000100000111111 0.001
8.8 0000111111101010 0.0
10.0 0000001100111111 0.001
10.0 1100001111000001 0.0
11.2 0001101111100000 0.001
11.2 0011110101001100 0.0
12.5 0101100110000001 0.0
12.5 0101100110000001 0.0
13.8 1101001011110110 0.0
13.8 1101001011110110 0.0
15.0 1001110100001101 0.0
15.0 1001110100001101 0.0