0.0 111111111111111 0.199
0.0 000000000000000 0.056
3.8 111111111111110 0.009
3.8 100000000000000 0.002
5.0 000000001111111 0.003
5.0 001010101010101 0.0
6.3 111111111111011 0.003
6.3 000101010101010 0.0
7.5 111011111111110 0.002
7.5 111100111111110 0.0
8.8 111111111001110 0.001
8.8 000001111011110 0.0
10.0 111101111000110 0.001
10.0 110000111001111 0.0
11.3 010101011001101 0.001
11.3 010011010000011 0.0
12.5 110101100000110 0.002
12.5 010000101011010 0.0
13.8 100101100000110 0.001
13.8 011001010110001 0.0
15.0 101100010001101 0.0
15.0 101100010001101 0.0