0.0 000000000000000 0.885
0.0 111111111111111 0.012
3.8 100000000000000 0.002
3.8 011111111111111 0.0
5.0 000000010000000 0.002
5.0 000100010001000 0.0
6.3 000000000001000 0.02
6.3 110110111111111 0.0
7.5 000001100000000 0.001
7.5 000010000000001 0.0
8.8 111011110111110 0.0
8.8 111011110111110 0.0
10.0 100001100000101 0.0
10.0 100001100000101 0.0
11.3 001100010100000 0.0
11.3 001100010100000 0.0
12.5 011001100000101 0.0
12.5 011001100000101 0.0
13.8 011000010111101 0.0
13.8 011000010111101 0.0
15.0 101100111101001 0.0
15.0 101100111101001 0.0