0.0 11111111111111111111 0.231
0.0 00000000000000000000 0.052
4.3 11111111111111111110 0.008
4.3 10000000000000000000 0.002
5.7 11111111111000000000 0.002
5.7 11111101111110111111 0.0
7.1 11111111111111111101 0.003
7.1 11111111111101110111 0.0
8.6 11111111011111111110 0.002
8.6 00111111111111110000 0.0
10.0 11111111111111001110 0.001
10.0 00011111111111011111 0.0
11.4 11111000011110000110 0.0
11.4 11111000011110000110 0.0
12.9 11110111111101001111 0.0
12.9 11110111111101001111 0.0
14.3 01000000100011111110 0.0
14.3 01000000100011111110 0.0
15.7 10000000110010100001 0.0
15.7 10000000110010100001 0.0
17.2 10001110101100000110 0.001
17.2 10110011011111010010 0.0
18.5 10111000010110101001 0.0
18.5 10111000010110101001 0.0
20.0 01011001111001010001 0.0
20.0 01011001111001010001 0.0