00000010011111111000 1 21.6
00000100000000000010 1 21.6
00001001100001000010 1 23.8
00000111101101000111 1 25.9
00011010101101010011 1 25.9
00000001101000000001 1 21.6
00000011010100001011 1 28.1
11111111111110000110 1 19.4
01000000000100000000 1 19.4
01101011000110101010 1 28.1
11111111010111010010 1 25.9
00101001000001000000 1 19.4
00001101101001101101 1 23.8
11101111001010111010 1 28.1
10011110100101011111 1 28.1
11111111101001111110 1 21.6
00001101000001100000 1 23.8
00010000011111000000 1 23.8
00000100101111100001 1 23.8
01010001010001010110 1 21.6
00001100010000000110 1 25.9
00011111001001100100 1 23.8
00011001011110000110 1 30.3
00000001001000110000 1 23.8
11101011011111111110 1 21.6
10100000111100010011 1 30.3
10010000010010001000 1 23.8
00001000010000010010 1 23.8
01001111001100101111 1 30.3
00000010101110000000 1 21.6
00000000000001110011 1 19.4
00000001000000001000 1 19.4
00100000110110000000 1 25.9
00000010011010111011 1 25.9
00001111101001100011 1 25.9
00011010101101111011 1 28.1
11110111011101100111 1 19.4
11111101101111111111 1 17.3
10000111001110000110 1 25.9
00100101011001111110 1 25.9
00000001100000110010 1 25.9
00100011000100100000 1 25.9
00000000001111000111 1 19.4
00000000001100100000 1 21.6
00000010010010111001 1 25.9
00010000100011000101 1 25.9
10000000001000110000 1 21.6
00100010001000001000 1 21.6
00011110100000000000 1 21.6
00000011001100001100 1 25.9
00000011100001001001 1 25.9
00100000000001100000 1 21.6
01000000000000000111 1 19.4
11111111101011110110 1 25.9
01111111101111001111 1 21.6
10100101011010101101 1 25.9
10010100101010100100 1 23.8
00010101011001101100 1 25.9
01001010101100101001 1 30.3
11110111101011001110 1 25.9
00000011000110000000 1 21.6
10111111111111110111 1 21.6
00001000110101000010 1 25.9
00000011000010000000 1 19.4
00101010100000000010 1 21.6
00000010011000000000 1 21.6
00111111111100000000 1 17.3
11111110111000101110 1 23.8
00100011001100000110 1 28.1
00100000000001010100 1 21.6
10000011010111000101 1 30.3
10000001100111101111 1 23.8
00010010100000101000 1 21.6
00001010000000001000 1 21.6
01010100011000010011 1 30.3
11111110111111001010 1 21.6
00001111111100000000 1 17.3
00001000110000000000 1 21.6
11111101111101110011 1 21.6
00001011111101111111 1 19.4
00101111100001010010 1 32.4
10101110001010101100 1 28.1
11100010010110010101 1 25.9
00010000010000000010 1 21.6
00000011001100000101 1 25.9
00000001011110001101 1 28.1
01011101011101101101 1 25.9
10101111000101001110 1 30.3
11111111101101101000 1 19.4
00001100000111000110 1 23.8
10111111111110111110 1 21.6
10001111101111100110 1 28.1
00000001100110011010 1 23.8
01101101100111101001 1 30.3
00000000000001111100 1 17.3
00011010100111001111 1 25.9
11111111111111101100 1 17.3
00000000100110001000 1 19.4
10001010011001001000 1 25.9
01000100000000000000 1 17.3
00011100011000000011 1 23.8
11101111111001010111 1 25.9
00100100010000000001 1 21.6
00000001011101000010 1 25.9
01000000100101000000 1 23.8
00011000001010000001 1 25.9
01101010110110101111 1 23.8
00100010001011010101 1 23.8
00001001001010000010 1 25.9
00100000101000001100 1 25.9
00000001100000101111 1 25.9
00000010001001101000 1 23.8
11111111011101101000 1 23.8
00111011101110100111 1 21.6
01000000100010001110 1 25.9
11111111111010111111 1 17.3
10010001001100010100 1 28.1
00000000000000001001 1 17.3
00011111001100001110 1 25.9
00010000001001000000 1 19.4
00000010001000001000 1 19.4
00000001001010000101 1 23.8
01111011001010101001 1 30.3
00011111001110001110 1 25.9
11111111111111000010 1 19.4
00101000111000001101 1 30.3
00001111110100000001 1 23.8
01100000000000000000 1 15.1
10010010010000100000 1 19.4
10000000010000000000 1 17.3
11111111111111010010 1 19.4
00010100000000000000 1 17.3
00000101011100001001 1 28.1
00000001000100000001 1 19.4
00011000000100010000 1 21.6
00000100001001000000 1 17.3
11111111111101101101 1 17.3
00000001101100001100 1 25.9
01000101101101001000 1 23.8
01011111100111111111 1 23.8
00100001000101001000 1 23.8
01010001010100000110 1 28.1
01110111011111011101 1 21.6
00000000000000100101 1 17.3
01000110101000000100 1 30.3
00001001000001111111 1 21.6
10010100011000110100 1 28.1
00100101101101101011 1 21.6
00000000100000110000 1 19.4
00001100100110000100 1 25.9
00000110101100000110 1 23.8
00101000000100101000 1 21.6
00000011001000101100 1 28.1
00011110001000000000 1 21.6
00001101010000010000 1 25.9
11111111100001111111 1 17.3
00000100101010000000 1 21.6
00100000000000000001 1 17.3
11111111010110001111 1 25.9
00000100000101000000 1 19.4
00001111101100100110 1 28.1
00000011100100110000 1 28.1
00001100000000000100 1 21.6
00000000011110001001 1 25.9
00000010101100010000 1 23.8
00011111101110001000 1 25.9
10000000000000001001 1 19.4
00000000000011111100 1 17.3
00000110101000000000 1 19.4
00000001000110000000 1 19.4
00100000000000100000 1 19.4
00000101000000000010 1 21.6
00010100100100000000 1 19.4
00000000000000011001 1 19.4
00000101101000000000 1 21.6
00000100101000000100 1 23.8
11111110110111101110 1 23.8
01000000010010100100 1 25.9
11111111111101110110 1 19.4
00011000000001111110 1 21.6
11110001010010110000 1 28.1
11111111111110001101 1 21.6
00010010000001111111 1 19.4
00000001001110001000 1 23.8
00001010000011001011 1 25.9
00000101101000101110 1 28.1
10100101010101100101 1 28.1
11001010010100101001 1 21.6
00000000001000001010 1 21.6
00000010011000100000 1 21.6
01000010000000000000 1 19.4
00000110101110000100 1 30.3
10100100001001000010 1 23.8
00100000001010100010 1 25.9
00100100010010000000 1 19.4
00000000001111100000 1 17.3
00000000001010101000 1 17.3
10000000000000000110 1 17.3
00001000000000100000 1 17.3
00000011000000100000 1 21.6
10000010001001010110 1 28.1
00000111000100000100 1 25.9
01101111101111101011 1 23.8
00000010000000001011 1 21.6
00000010101100000100 1 21.6
01000100001001100000 1 25.9
10001010001000000010 1 25.9
11111111101111101110 1 19.4
00000100000000100101 1 23.8
10000001101001100100 1 25.9
11111101110111011111 1 17.3
00001000001001000000 1 19.4
11111111111101101011 1 19.4
00000111010110010000 1 25.9
00011111111011111111 1 17.3
00100110000011010100 1 25.9
01011000010010000000 1 25.9
00001001001000001000 1 19.4
00001010100000000000 1 17.3
01111101101001101101 1 25.9
10100000000001000000 1 19.4
10001001000000100000 1 23.8
01011101010110000000 1 23.8
00000000000000101000 1 17.3
10010000000100000000 1 19.4
00000100001000000110 1 21.6
00000000001001000010 1 21.6
11100000000000000000 1 13.0
00001000000010001000 1 19.4
00000000000001000101 1 17.3
11011111111111110111 1 21.6
00000100001010100000 1 19.4
00001100001000000100 1 25.9
01001000010000011000 1 28.1
00010011011011010101 1 21.6
00000101100110100010 1 28.1
01101111101010000100 1 32.4
00000000010000100110 1 23.8
01101110111101101000 1 28.1
00101000010010001000 1 25.9
00000000000111001100 1 23.8
01001000000100000000 1 23.8
11111011111110010110 1 25.9
00100010101100001000 1 28.1
00001000000000000010 1 21.6
01001010100101010000 1 21.6
00001001100011100001 1 28.1
00000001010010000000 1 19.4
00000010100100000010 1 23.8
00000001000100000100 1 21.6
11111111111010101111 1 17.3
00000010110110101010 1 21.6
11111111101111111011 1 19.4
01010100010110001100 1 25.9
00111010010011011100 1 25.9
11011111111111011101 1 23.8
00101111111110011101 1 28.1
00001000101000010000 1 17.3
11000000000100001110 1 23.8
00000011100000001000 1 21.6
01101010010001000000 1 25.9
00100101010010110000 1 25.9
11111111111011000110 1 21.6
00100100100100110010 1 21.6
00000001111100000100 1 23.8
00000010001100001010 1 25.9
00000101000000001001 1 23.8
00000010100100001000 1 23.8
11111101111111111111 1 15.1
01110101110100110001 1 28.1
00100001000001101011 1 28.1
10101011010100101001 1 25.9
00001011100100110001 1 28.1
00000000000101101111 1 19.4
11110001001101111111 1 23.8
01001100100100001000 1 28.1
00001101111110001100 1 25.9
00000000000010100100 1 19.4
00000010011101000110 1 28.1
00100111011000111010 1 28.1
11011110110111011100 1 25.9
10110001000100101010 1 28.1
01101000010000000000 1 23.8
10001000000000000000 1 17.3
10100001001110100000 1 25.9
00001000011000000000 1 21.6
01010100011000000100 1 28.1
01110011111100100000 1 23.8
01000111010110010000 1 28.1
00000000101000001000 1 23.8
00000010100100110110 1 25.9
00000000001010001000 1 19.4
10100111001010001100 1 30.3
00100010010100001000 1 25.9
10101011010111011110 1 25.9
01000101010100101100 1 30.3
11111111111111101010 1 15.1
00101001011010100100 1 21.6
10110000001001101011 1 32.4
00000011110110000001 1 23.8
10001000100010010000 1 19.4
00000000000000101100 1 19.4
11100101100000000000 1 23.8
01101100000000011010 1 25.9
00010000000001000111 1 25.9
00010001000001100010 1 25.9
10001010100000101010 1 21.6
10100001010101101010 1 25.9
00101001000000000000 1 19.4
01011011011011110101 1 23.8
11101111101101111110 1 23.8
00100111111011101010 1 25.9
00100000000000000010 1 21.6
01001010010100001000 1 23.8
01001010101001001010 1 23.8
10010001010000110000 1 30.3
10000100001001000000 1 21.6
00100100101001001000 1 17.3
01010001010100001010 1 25.9
00101010101000000011 1 19.4
00000001001001000000 1 17.3
00100010100100100100 1 23.8
00000101000100000100 1 21.6
00010011010110100101 1 25.9
11111111101111100111 1 21.6
01000101010101010010 1 25.9
10011111111111111000 1 19.4
00000111111000000010 1 23.8
10000100100001101010 1 30.3
00000000101001000100 1 23.8
01000000001010100001 1 25.9
00000000011110000000 1 17.3
00000000000100000101 1 19.4
11111111111100001100 1 19.4
10110001010101101001 1 32.4
00100010100100100000 1 23.8
10011000001000000000 1 21.6
11001111100101110011 1 25.9
00000000100000010000 1 17.3
00001000101100000010 1 25.9
10100100010000011100 1 28.1
10000100000001000001 1 21.6
00000000000100100010 1 21.6
01000001010100011110 1 28.1
00000110000010010000 1 23.8
00100010100110100110 1 25.9
10000001010100100000 1 21.6
00000001100100000000 1 19.4
00100100101010010000 1 21.6
00100101010100101000 1 21.6
10000000000000001110 1 17.3
00011010000000000000 1 19.4
00000000000100110111 1 19.4
00000100010000000000 1 17.3
11111011111111101100 1 23.8
00000000111000000010 1 21.6
00000000111000010001 1 25.9
00000010010000010000 1 19.4
11111111110111111110 1 17.3
00000001011010000000 1 21.6
00000000000000111000 1 17.3
11111111111110010110 1 23.8
00011111111100000000 1 17.3
01000001000001000000 1 17.3
11101111011111111010 1 21.6
11001110011010101100 1 25.9
00000011001101000010 1 28.1
11111111011110111111 1 17.3
00100100001100000000 1 23.8
01000000010010010000 1 21.6
00000000101100000001 1 19.4
01010101100101000010 1 28.1
01000010011000101100 1 30.3
00000000100100011011 1 23.8
01001110101101000010 1 32.4
01001001001000100010 1 21.6
00100000001010000000 1 19.4
00000111111111100000 1 17.3
00111111101110111110 1 21.6
00010000000110001000 1 21.6
00100000001000001111 1 23.8
00000000000000111100 1 17.3
00000011001100100000 1 21.6
00000000010000000001 1 15.1
10101000101010101011 1 19.4
10010000011111110110 1 30.3
00010000000001000000 1 19.4
11001101011001010101 1 28.1
00001001010000000000 1 21.6
01001001001001101101 1 21.6
00000001101100000010 1 23.8
10101100000001001000 1 25.9
01000001000010000001 1 23.8
00000001001111000100 1 25.9
11111111111111100000 1 13.0
11111111011111101101 1 23.8
00011111011100000000 1 23.8
00000101101000000001 1 23.8
00001001001001101000 1 21.6
00001001000000000010 1 23.8
00100010010110001010 1 30.3
00100001000110000000 1 23.8
01111100101111111111 1 21.6
00001001111110001000 1 21.6
00000100100111011111 1 21.6
00000100101100101100 1 21.6
00000000000000011010 1 19.4
10100010001100010010 1 28.1
00000010001001000000 1 19.4
01001010100101010100 1 21.6
00000010001000000110 1 23.8
00000101000010001010 1 23.8
00000000000000001110 1 15.1
10000010001000000000 1 19.4
00011111100111110011 1 23.8
00000000011000100001 1 23.8
00000011001010000001 1 25.9
00000100000001000000 1 17.3
00110100001100010111 1 30.3
00000100000100000000 1 15.1
10001111001011101001 1 32.4
10010010000000000000 1 17.3
00000010111001010010 1 28.1
00000000011010001000 1 21.6
11111111111111100010 1 19.4
00010000000101010100 1 21.6
00000010000010000110 1 21.6
01010101110100011100 1 23.8
00000000000000011110 1 15.1
01101010101111011001 1 30.3
00100010000000000000 1 17.3
10100001010100101000 1 25.9
00000000010011100000 1 21.6
00000011011110001101 1 28.1
10110101101010101011 1 21.6
01111110000111111111 1 19.4
01011111011100001100 1 30.3
00001000010000000001 1 17.3
00101000100001111000 1 28.1
10001011000100100010 1 25.9
00000011111011111111 1 19.4
10100010101100111110 1 28.1
00000100101000000000 1 21.6
11111111111111001100 1 19.4
00100001000000000000 1 17.3
00000101000011101110 1 28.1
01111111111101101111 1 19.4
00000011011101011100 1 25.9
11111111111110001111 1 17.3
00100001001100110001 1 28.1
00000011011111001110 1 28.1
01000011001000000000 1 23.8
11110111111111101001 1 25.9
00000011001001101110 1 28.1
00000100010000001010 1 23.8
11111111111100011110 1 19.4
00010001100100010000 1 19.4
00001110001100001110 1 23.8
00001111011110000010 1 25.9
00000010010001000000 1 19.4
00100001001100000000 1 25.9
00000000111000101111 1 23.8
11111111010010011110 1 23.8
11110111011011100011 1 23.8
01010101011000100101 1 28.1
11111110111111010111 1 19.4
01001010000101000010 1 25.9
10011000011000101001 1 30.3
11111111111111011010 1 17.3
00000001000000100000 1 15.1
00000000001110001110 1 21.6
00000001101101101010 1 21.6
00000000000001101101 1 19.4
10111101000101101001 1 30.3
00100000010000101000 1 23.8
00010000100000000000 1 17.3
11111110111101101101 1 21.6
00001111100101100110 1 28.1
00000010110000100001 1 23.8
11111111111111010111 1 17.3
11111111111011110111 1 17.3
01000000010000100000 1 19.4
00000110001000000100 1 25.9
01000000010101100101 1 30.3
00000011001001000000 1 21.6
11110110111111111111 1 17.3
00000100010001000000 1 17.3
00101000000001001100 1 25.9
00101000100100101000 1 21.6
11111111110011010100 1 21.6
10100110110110100110 1 28.1
00000000100001100100 1 21.6
00000000101001010010 1 21.6
00000000000111011110 1 21.6
10111101101100100111 1 28.1
00000110000100010000 1 21.6
01101111110111111111 1 21.6
00000000011110011000 1 23.8
00011101100000000000 1 21.6
00000001100101101000 1 25.9
00000001000010000100 1 17.3
10000000000000010000 1 17.3
00110110011001000000 1 23.8
10001001010100000000 1 23.8
11111011101111111111 1 17.3
01011110111110001100 1 30.3
00000000010000100100 1 19.4
11110011111111111111 1 17.3
00100000001000000000 1 19.4
10001011001000010001 1 28.1
10000000000010000000 1 17.3
10000010100000001110 1 25.9
01110111011111011110 1 23.8
10100011001010101101 1 30.3
01001111111000101001 1 30.3
00000101000100100011 1 25.9
00000000001000100010 1 17.3
00000011101100000010 1 25.9
00100000000001000010 1 25.9
00000001010111000110 1 25.9
00000111111110001110 1 21.6
11111111011101011111 1 19.4
00000111000111000000 1 21.6
11111111101100101110 1 23.8
10010000001000000000 1 21.6
00010000010000010011 1 21.6
00000000111111100011 1 19.4
00000010100000000110 1 23.8
11111111111111011011 1 15.1
11110111111110111111 1 17.3
00011000011100000000 1 23.8
00100001101011000000 1 28.1
00000000100010011010 1 25.9
00111111111111000110 1 21.6
00000000110010011001 1 23.8
00000000001101010000 1 21.6
10000100000000011001 1 25.9
00000100001100010000 1 19.4
10111110011111110101 1 28.1
11111111111101011101 1 21.6
11101111100111011111 1 19.4
01000110010100101001 1 28.1
01000100001000000000 1 21.6
01000101010100000000 1 21.6
10101111110100101000 1 25.9
00000010101000000000 1 17.3
10111011010110111111 1 23.8
01000100101100101000 1 28.1
00110000000100000000 1 19.4
00000000000010100011 1 19.4
01100101111100101111 1 23.8
00000101110011100100 1 25.9
00110011001000110000 1 25.9
11111101101101111101 1 21.6
00111010010000000000 1 23.8
00000001000100101001 1 23.8
00110110101011011110 1 25.9
00000000000001100111 1 19.4
00010101000000100000 1 21.6
00000000110100000101 1 28.1
00000101101000000011 1 23.8
00000000100100100010 1 21.6
00000000001110001000 1 21.6
01100110010110100101 1 25.9
00110000000001000000 1 21.6
10101101010101101101 1 25.9
00000000001010000001 1 19.4
00100010000100000000 1 21.6
11001000110001000111 1 25.9
00000001101010010001 1 28.1
00011110001000000010 1 28.1
00101001010101001010 1 21.6
00011111110010000010 1 28.1
00000001010001000001 1 23.8
00000010100100010000 1 21.6
00000011100100100010 1 28.1
00000111001100000010 1 25.9
00010000001100010001 1 23.8
01001011110010010101 1 28.1
11001011111111111111 1 19.4
01100101010101101010 1 25.9
11111111111111011001 1 19.4
10010000000000000010 1 23.8
00000110100100000111 1 23.8
00000000011000001000 1 23.8
00000010000010010000 1 17.3
00101010011010101000 1 19.4
10111111100101101110 1 28.1
01010100100010000000 1 21.6
00100010011100001000 1 25.9
10010001101010110010 1 32.4
00000111100101000010 1 28.1
01000001010101000000 1 21.6
00011010111111111111 1 21.6
00000000101100000111 1 23.8
10000000000000000011 1 15.1
11111011101110111111 1 17.3
00000000000010010000 1 17.3
00100101000100001000 1 25.9
00000001000100010000 1 15.1
00000010000110000111 1 19.4
10000010000001000000 1 17.3
00001111010000001100 1 25.9
00010001100101100000 1 25.9
00001010111100001010 1 23.8
10000010100000000000 1 19.4
00100110101110010100 1 28.1
00000010000110100001 1 21.6
10000000010000110110 1 25.9
00101011001110001110 1 28.1
00011111111000000010 1 23.8
01001101111100001100 1 30.3
00000110101000000101 1 25.9
01001000100000001101 1 30.3
01010000000010001101 1 28.1
00000010010101000010 1 25.9
00001000001000010000 1 19.4
00010001000110101110 1 25.9
00100001001000101000 1 25.9
11111111111111110010 1 19.4
10101010100010100110 1 25.9
00000111011110000100 1 28.1
00011100000000000000 1 17.3
00001010001000001000 1 21.6
00000010000000000001 1 17.3
00000011010000000000 1 19.4
00100010010010100100 1 23.8
00000011111110000010 1 21.6
11111111110110111011 1 21.6
00000001110111111111 1 19.4
11111111111011101111 1 15.1
01111111001101111010 1 28.1
10101001111011100111 1 28.1
00000001000000111111 1 17.3
00100100000010100000 1 21.6
00100101010111001011 1 25.9
00000100000000100010 1 23.8
00000111001110000010 1 25.9
00001000000100000000 1 17.3
00000001000000100100 1 19.4
10100100110101000100 1 30.3
11111110111011111001 1 23.8
00000000011110000100 1 23.8
00000000000110111000 1 21.6
00000000000011111111 1 13.0
00000001100001000000 1 19.4
11111111111000101111 1 21.6
00001000000010100100 1 23.8
00100111100000000000 1 21.6
11010111100110110101 1 25.9
10101011010101001001 1 23.8
00001000010000100000 1 13.0
00000011000100010011 1 28.1
01000000000101000000 1 21.6
11111111111111110110 1 17.3
00011000010000001000 1 23.8
00001111011110000100 1 28.1
00000011011010001100 1 25.9
00000011000101000000 1 23.8
01001010000010100000 1 23.8
00010001001010000010 1 25.9
01000011000000011010 1 30.3
01010100101001100000 1 25.9
00101010101010000000 1 15.1
11100000010000000000 1 19.4
00111111111111001011 1 23.8
11111111111110001010 1 19.4
10100000001100010011 1 28.1
11111011111110110011 1 23.8
01100010100100110101 1 30.3
01111111101010000000 1 19.4
11010111111111110111 1 21.6
00001100000000000000 1 17.3
00000101001100001100 1 28.1
00000000000110100010 1 23.8
00010110011011010100 1 25.9
11111101101010111101 1 25.9
10110111101011111101 1 28.1
10010010110001110101 1 30.3
10111111111101111111 1 19.4
10000000000000010100 1 17.3
00000000000001011000 1 19.4
10101101001001111000 1 30.3
00000010100000100000 1 19.4
00000111100110000000 1 23.8
10010010000010001000 1 23.8
11101011101111010100 1 25.9
11110111110011010110 1 30.3
00000000000000011000 1 17.3
01101010101001010110 1 25.9
01111000001101011001 1 30.3
10100000000000000000 1 15.1
00101010100000101000 1 21.6
00000111011101001100 1 28.1
00000001010100000011 1 19.4
00000000100001001000 1 19.4
00011000000000000010 1 21.6
00000000100000101110 1 23.8
00101110011111110101 1 28.1
01001000000000010100 1 23.8
00000011111111100000 1 17.3
11100010101100010110 1 25.9
00000000000111110001 1 19.4
00001111101101001110 1 25.9
00110000001000000000 1 21.6
11000010010110100110 1 28.1
00000000010000000100 1 19.4
10111111111111100111 1 21.6
00011011001011001110 1 25.9
00000100000101000101 1 21.6
00100000000000000101 1 21.6
00101111111010000000 1 23.8
00000110010100011000 1 28.1
01010101111010111001 1 28.1
00100100000100100100 1 19.4
00000110100000000000 1 19.4
00111010010010110100 1 25.9
01001101100101011110 1 30.3
00000100011100000001 1 23.8
01001010100001001001 1 28.1
10100010001100111110 1 25.9
10001000100100100111 1 23.8
00000111000100000000 1 21.6
10101000101001001010 1 23.8
00010000011000000000 1 23.8
10001010010000000000 1 21.6
01101101011111111010 1 28.1
11001111001110011110 1 23.8
01100110001000000000 1 21.6
00110111111111111001 1 23.8
10010100100001100000 1 28.1
11111111001111111111 1 17.3
11110111001111101111 1 21.6
01011111111111111111 1 15.1
00000000111011011001 1 25.9
00010000010001101000 1 23.8
00000000000001100001 1 19.4
00000000001011001000 1 21.6
00000000010110000100 1 21.6
00000010000010100000 1 19.4
00001111100101100010 1 28.1
01001010010001010000 1 25.9
10111101011100000101 1 30.3
01010011010101100101 1 30.3
00000000000100000001 1 17.3
00001000011110000000 1 21.6
01001010100001000001 1 28.1
01010011000000100010 1 30.3
00000001001010100101 1 21.6
00000111011100000100 1 28.1
00001001000001110100 1 28.1
00000000110110100101 1 23.8
00000000000011000001 1 19.4
10110111011100101001 1 32.4
01000101000100100001 1 28.1
11111111111100111100 1 19.4
00000000001010100010 1 21.6
01000001011000000000 1 25.9
10000100001110100010 1 28.1
10100010001100111010 1 25.9
11011001010011000101 1 28.1
00000100000010101000 1 21.6
11111111110111100101 1 23.8
11101111111111011100 1 23.8
10000000000101111110 1 21.6
00000001111110001110 1 21.6
00000100101100000000 1 23.8
00010000001010000101 1 23.8
00000101000010000001 1 21.6
01100101011010010110 1 30.3
00000010011010000000 1 21.6
10100101101101101100 1 21.6
00111111100101111111 1 19.4
11101010111111010111 1 21.6
01100000100010010000 1 25.9
00000010000001010000 1 19.4
11111110111111011111 1 15.1
00000010010000000000 1 17.3
00100000000011100000 1 23.8
00000010000010000010 1 17.3
01111110111111111101 1 21.6
01100111001100001101 1 30.3
01100000001001100001 1 25.9
11011111111111111101 1 21.6
00000000011010000100 1 25.9
00000100000000100011 1 23.8
00000010000000000011 1 17.3
00010000000000010100 1 21.6
11111111011110010110 1 23.8
10000000100000000000 1 17.3
10101000001011111101 1 30.3
10100000000100010000 1 19.4
00000000001100000100 1 23.8
00000001000100100010 1 21.6
10101000111101011100 1 30.3
00000111001111000100 1 28.1
11101110010110111110 1 25.9
00011110001011000000 1 25.9
11111110111101000010 1 28.1
01111111111111011111 1 17.3
00000001101111000100 1 30.3
00000001001100001000 1 21.6
00100000010000010100 1 25.9
00000011001110000010 1 25.9
00010011001100001001 1 25.9
00000110101110100100 1 25.9
00000000000010111000 1 21.6
00100100000111001000 1 23.8
00001000100001100110 1 23.8
00000111101000000010 1 25.9
11101000010000000000 1 21.6
00010000010000010101 1 21.6
11111011111111111110 1 17.3
00000001011100000110 1 28.1
00100000000010000001 1 21.6
11111111111001101111 1 21.6
01000000100100010010 1 25.9
00000011100110000000 1 21.6
11101111111111111110 1 17.3
01010100100010000101 1 25.9
00001010001100000110 1 28.1
00000001011110000110 1 28.1
00000111001001011101 1 28.1
00000000100100110000 1 21.6
11100000111111111110 1 19.4
00000010100101000010 1 25.9
10111111101101000111 1 30.3
00100000000100000000 1 17.3
10111111110011011011 1 25.9
00001000000100001000 1 21.6
00001011101101000001 1 28.1
01000100000100000000 1 21.6
11111111100101100010 1 25.9
00010001000000000000 1 15.1
00011100110110010001 1 28.1
00101100000000000010 1 25.9
00000010001100000010 1 21.6
11110111011010110111 1 21.6
11111111111101110101 1 19.4
10000000001000000010 1 21.6
00000011101100001110 1 25.9
00100010001000000000 1 17.3
00000110101000100100 1 28.1
00000000010000011000 1 21.6
10000000001110100010 1 25.9
00001100010000000000 1 19.4
00000100001100000000 1 21.6
00000001110000101111 1 23.8
00001001010100000010 1 23.8
00001111111111101111 1 19.4
11101111111111011001 1 25.9
01001011000100101101 1 25.9
01111111000001111110 1 21.6
00000000000011000000 1 17.3
00000001111100010111 1 23.8
01000101100001000010 1 28.1
00100000101000000000 1 21.6
00001010000000100101 1 23.8
00000010011100001000 1 25.9
10000110001100101000 1 30.3
10010001000001000000 1 21.6
10101010110000000010 1 25.9
00000001000001000000 1 15.1
10000000010100001010 1 23.8
00000001001011000100 1 25.9
00000011111110011110 1 21.6
01101010010011001011 1 28.1
11100111111111111111 1 17.3
00100000111110110001 1 30.3
01000000000000000010 1 21.6
10110101101011101101 1 25.9
00011011101111001000 1 28.1
10010010010010000000 1 17.3
00000000110101101010 1 21.6
01010110101000100110 1 28.1
11111110111111110010 1 23.8
01000000000000001000 1 21.6
00111011000100011000 1 28.1
01011010100010000001 1 28.1
10000010000001000100 1 23.8
00000010111000000010 1 23.8
01100010000000000000 1 21.6
00000001100000000000 1 17.3
00001001010000000110 1 25.9
10000111001101011001 1 32.4
11101111110111011000 1 25.9
10000000000001010010 1 23.8
00000001001100000000 1 19.4
00110000010000100000 1 21.6
00000001011100000000 1 21.6
00110001110110100000 1 28.1
00001000101010000110 1 25.9
00000001101100100010 1 28.1
00000001100101000000 1 23.8
01010000000100000000 1 19.4
10111101101111110010 1 30.3
00001101111111000001 1 25.9
00000000000000011111 1 13.0
11111100101110011000 1 28.1
00000101000100001001 1 23.8
00000100010010111000 1 25.9
00000000100110010000 1 21.6
11100111111111000111 1 21.6
00100001000001000010 1 23.8
01101101010101101010 1 25.9
00010100010001000000 1 19.4
00000000000000011100 1 17.3
00100101011100101000 1 25.9
00000100010100100001 1 23.8
01010011111111111110 1 21.6
00011000000001101000 1 25.9
00000000010010010000 1 17.3
11101111111111101110 1 23.8
10000000000000110000 1 17.3
00000000001100001100 1 21.6
00100001000010101111 1 23.8
10001101010111110101 1 28.1
01000011001111110111 1 28.1
01010110000100010111 1 28.1
00000000100001000000 1 17.3
11101111111100010111 1 25.9
00000110001100000100 1 25.9
00001000000010000110 1 23.8
00000011000000000100 1 21.6
00000101000100101001 1 25.9
01000000000010010001 1 25.9
00000000111111111101 1 19.4
00010100101000110110 1 28.1
00000000101100000100 1 21.6
00101111100000101110 1 28.1
11111111111110111100 1 17.3
01000001011011000010 1 30.3
00010100100100000110 1 25.9
11111111110111101011 1 19.4
00000010110100000000 1 21.6
01010001000010100001 1 25.9
00000101100010000000 1 21.6
11010011100100011000 1 30.3
00010000000000001000 1 21.6
10010000011111111010 1 28.1
00010101010001000110 1 25.9
00110000110000110100 1 23.8
11111111111010000110 1 23.8
11111111111110110110 1 17.3
00100101011000101000 1 28.1
10011101011011110011 1 30.3
00000001100000000001 1 17.3
01010101010100111011 1 23.8
10101000001001000000 1 23.8
00101001101101110101 1 25.9
00000000001000000011 1 17.3
10101000000010001000 1 21.6
10111101100101110010 1 32.4
00000010000000010010 1 23.8
00000001010100110000 1 23.8
11111110111101101001 1 25.9
01000000000110000000 1 21.6
00000000000100000010 1 19.4
10101001010000100110 1 28.1
00000101100000000000 1 21.6
00000001110001000000 1 21.6
00000010100110110110 1 23.8
00000010000001000001 1 17.3
00001110001100001100 1 23.8
01100100011001010000 1 28.1
10000111111111100011 1 21.6
00001000000000101000 1 21.6
00001101000000000000 1 19.4
11111011111111000010 1 25.9
00000001000001100101 1 23.8
00011100001010000000 1 23.8
11111111111100100110 1 23.8
00001100000000001110 1 21.6
01011000111001111101 1 30.3
11111111110101111010 1 21.6
00010000010011001000 1 23.8
01010000000001000000 1 21.6
00011110100100000100 1 28.1
00000011001110011110 1 25.9
11101010101010101101 1 21.6
00011100001000100100 1 25.9
00000111001010001001 1 30.3
00011010000001000100 1 25.9
00000000010001111111 1 19.4
00101001001000100100 1 21.6
00100011010000010000 1 25.9
10000000000000000111 1 15.1
00010011000010111100 1 28.1
00100100000000100010 1 23.8
00010000000000100000 1 19.4
00000001001000000001 1 19.4
10001101100010101110 1 30.3
11111111011111001110 1 21.6
00000011010101101000 1 25.9
00000000010001100000 1 19.4
11101110011111111101 1 25.9
00001000000000000100 1 21.6
01000100010000000000 1 17.3
11111110011111111110 1 17.3
00001100000100000000 1 19.4
00011001111110001000 1 28.1
00100000010110000000 1 25.9
00001000000000000011 1 19.4
00000111110000000000 1 17.3
00000100001100001100 1 21.6
00011011000111001000 1 28.1
10011111111111111111 1 15.1
11011011111000101100 1 28.1
01001011000000110000 1 28.1
11111111101100100111 1 23.8
00011011100111001000 1 25.9
01000101001001000101 1 25.9
00011000000000000000 1 17.3
00000010000011101000 1 23.8
00000000100100010010 1 21.6
00111111011111111111 1 17.3
00000001110010100000 1 25.9
00000000010101001000 1 19.4
00000111000010000000 1 19.4
11111111101111011111 1 15.1
01001001001001001010 1 19.4
00000111001100001010 1 28.1
00001010100010010000 1 21.6
00001011110011101110 1 28.1
00011001000010000000 1 21.6
00000000001001001001 1 17.3
11111111111100001110 1 19.4
10000000000000100010 1 19.4
10111101100100101111 1 28.1
10000010000111111111 1 21.6
11011100111111001100 1 30.3
01001010101001000000 1 25.9
00001000010101101000 1 23.8
01111111111111010111 1 19.4
10101111010111111110 1 23.8
11111111101111001000 1 21.6
01000000110001010010 1 32.4
00000001010100000010 1 21.6
00000000000010001110 1 21.6
11010100001001000100 1 28.1
11111111101110001101 1 25.9
01010000000000100010 1 23.8
00010000010001001001 1 23.8
11010111011010101010 1 21.6
10011110110101111101 1 30.3
00001110001000000110 1 25.9
00100010101101001100 1 30.3
10000000000100001010 1 23.8
00000000001100010101 1 23.8
00001110011110000100 1 28.1
00000000001111111110 1 15.1
00010010000001100000 1 21.6
00000101100111011011 1 25.9
00000111001111111110 1 21.6
01001111101011101011 1 28.1
01110111111100011111 1 23.8
10000000000001100010 1 23.8
00000001110110011010 1 25.9
11111111011111011101 1 21.6
10100001101110110101 1 30.3
10010010000001010100 1 23.8
11111111111111110100 1 15.1
00010010010000010110 1 23.8
00001000000000000001 1 17.3
00010010011111000000 1 21.6
10010101010001110001 1 28.1
11100111111111111110 1 17.3
01010000010001111111 1 25.9
00011000011000000000 1 19.4
00101011011110111000 1 25.9
00000010010001010001 1 25.9
00111011110001001000 1 28.1
01100100011101000000 1 30.3
00001000000010000010 1 23.8
00000000111100000000 1 17.3
01111111101011110111 1 25.9
01010001100101101111 1 28.1
01010000000000001100 1 21.6
10000100000101000000 1 23.8
00010101000000000101 1 23.8
00000000001010110000 1 19.4
00000111101101000100 1 28.1
00000010011110001000 1 23.8
00000010000100000110 1 23.8
10000101000000100000 1 23.8
01001000001110110010 1 32.4
11111111111100100111 1 21.6
01001010101100100000 1 25.9
10000000000000001000 1 17.3
01101101111011010110 1 25.9
01001001100011100111 1 28.1
00000001001001000100 2 21.6
01000000000000000100 2 21.6
00000001000001001110 2 23.8
11111111111101111101 2 19.4
00000001000000010000 2 15.1
00000000001100010000 2 21.6
11111111110100101010 2 21.6
00000101000000000000 2 17.3
00000010100110000000 2 23.8
00000110000100000000 2 19.4
00000000000000100100 2 15.1
10000011000000000000 2 19.4
00000000110010000000 2 19.4
00000000000011111000 2 17.3
00010010000000010000 2 21.6
00000010001000100000 2 17.3
00000000001000000001 2 17.3
11111111111100011000 2 19.4
00000001000000000010 2 19.4
11111111110111110111 2 17.3
00000011000100000000 2 19.4
00010000000000010000 2 21.6
00000000000011100010 2 21.6
00000000101000000001 2 19.4
11111111101110101110 2 21.6
00000000000000010110 2 19.4
11111111111110001110 2 19.4
00000001101001100001 2 25.9
00000000000001010000 2 17.3
00000110001100000000 2 21.6
10110000000110000000 2 21.6
00000001000000000001 2 17.3
00010100010000000000 2 19.4
00111111111111111111 2 13.0
11111111111111101011 2 15.1
00000000001000000100 2 19.4
11111111011111111111 2 15.1
00010000001000000000 2 17.3
00000101001100000000 2 25.9
01000000000010001000 2 21.6
00100000000011010000 2 23.8
00000000101100000110 2 25.9
00010000000010000000 2 19.4
00000011001100000100 2 25.9
00001010011100001000 2 25.9
00000101000000001000 2 21.6
00000101001000000001 2 21.6
00000000001000001001 2 19.4
00100010000010000000 2 21.6
01000000000001000000 2 19.4
00000000001000010000 2 15.1
00000000101000000100 2 21.6
00000000001110000000 2 17.3
00000001001101000000 2 21.6
00000101000001000000 2 19.4
01000000000000010000 2 21.6
00000000010000000010 2 17.3
00000011001100100100 2 21.6
00001000000000010000 2 21.6
00000011100000000000 2 17.3
00000000100110000000 2 19.4
00010000101010011000 2 28.1
11111111110111111101 2 19.4
00001110000001001000 2 21.6
00000011000000001100 2 21.6
00000000000011000010 2 21.6
00000011011100100001 2 28.1
00000000000000001101 2 19.4
01000000000010000000 2 19.4
11111110111111111111 2 15.1
01000000000000100010 2 23.8
11111111111111100111 2 17.3
00000000010000111111 2 19.4
10000010000000100000 2 19.4
11111111111101011110 2 19.4
11111111101111111110 2 15.1
00000100000100000010 2 19.4
00000000011111111111 2 13.0
00000000001010000100 2 21.6
00010000000101000000 2 21.6
00000001011000001100 2 25.9
00000000100101000000 2 19.4
00010000000000000010 2 21.6
00000010000000100000 2 17.3
00100000000000010000 2 21.6
00000100000000001000 2 19.4
00000000011101000000 2 21.6
00000010001000000100 2 21.6
10000100000000000000 2 17.3
00000001010000000001 2 19.4
00000011101100000000 2 21.6
01111111110111111011 2 21.6
00010000000000000100 2 21.6
00000000000000001111 2 13.0
11111111110111011000 2 21.6
11111111111111101101 2 17.3
00100000000001000000 2 19.4
10000001000000000000 2 17.3
00000000000000010100 2 15.1
00000000001000000111 2 19.4
00001000000000010001 2 23.8
00000010000000000100 2 19.4
11111111111101101110 2 19.4
00000000001001000000 2 17.3
01000000100000000000 2 19.4
00010000000100000000 2 15.1
11111111111111000110 2 19.4
11110111111111111110 2 17.3
00000001101001100011 2 25.9
11111111111011011111 2 17.3
00100000001100010011 2 28.1
00000000000000100010 2 17.3
00000000001111111111 2 13.0
00001000100100000000 2 19.4
10000000000100000000 2 17.3
00000100001000010000 2 13.0
11111111111111001101 2 21.6
10101111001110000110 2 30.3
11111111011110011111 2 19.4
01000000000000000001 2 17.3
00100000000000000100 2 21.6
11111111111110111110 2 17.3
00000000000000001011 2 15.1
00110000000100010000 2 21.6
11111111111111111001 2 15.1
00100000000000000011 2 19.4
11111111011110001110 2 21.6
00001000000010000000 2 15.1
00000001001000001000 2 21.6
00010100000000010000 2 21.6
00000011100100000000 2 21.6
00001110000000000000 2 17.3
00000001101100000000 3 21.6
11111111111111001111 3 17.3
00000000000000100001 3 17.3
00001010000000000000 3 17.3
11111111111110101111 3 17.3
01000000001000000000 3 17.3
11111111111111110011 3 17.3
00000011001000000100 3 25.9
01000000010000000000 3 19.4
00101000000000000000 3 15.1
00000000000000010001 3 17.3
00000000000110011010 3 23.8
00000000000010000010 3 19.4
00001001000000000000 3 17.3
00100000001101110011 3 30.3
00000100001000000000 3 15.1
00000000100000100000 3 15.1
00001000100000010000 3 19.4
00000001000010000000 3 17.3
00000000000100010000 3 15.1
11111111110111111000 3 19.4
00000000000000000111 3 13.0
01100111111101001110 3 28.1
11000000000000000000 3 13.0
00000000010100100000 3 21.6
11111111111110010101 3 19.4
11111111111111110101 3 15.1
00000010101100000000 3 21.6
11111111111111100110 3 19.4
00000000101100000010 3 23.8
00011111111111111111 3 13.0
00000000000100001000 3 17.3
11111011111111111111 3 15.1
00001010001000000100 3 23.8
00001000001000000000 3 17.3
00000010000010000000 3 15.1
00000000000000001100 3 17.3
00000000000001000100 3 17.3
00000000000101000000 3 17.3
00000001010000000000 3 17.3
11111111110110011010 3 21.6
00000000000001000001 3 17.3
00000101000010000000 3 19.4
11111111111101101111 3 17.3
00000000001010000010 3 21.6
00000000000010100000 3 17.3
11111111111111101110 3 17.3
00010010000000000000 3 15.1
00000000000000000011 3 13.0
00000000001000100000 3 17.3
00000000100010000000 3 17.3
00000101001000000000 3 19.4
00000100000010000000 3 15.1
00001010001000000000 4 19.4
00000001111100000000 4 17.3
00000000000010000100 4 17.3
00000110110000000000 4 21.6
00000000000001000010 4 19.4
00000000001000001000 4 17.3
00000000010000010000 4 17.3
00001000010000000000 4 15.1
00001000101100000000 4 21.6
00010000010000000000 4 17.3
00000000110000000000 4 17.3
00000010001100001000 4 21.6
00000010001100000100 4 21.6
00011011000001001000 4 25.9
00000000010100000000 4 17.3
00000001001010000000 4 19.4
00000010100100000000 4 19.4
00000010001110000100 4 25.9
00000000000001100000 4 17.3
00000010001100000000 4 21.6
00000010100010000000 4 19.4
00000000001010000000 4 17.3
00000000000000010010 4 17.3
00001000001100000000 4 23.8
00100000010000000000 5 19.4
11111111111110111101 5 19.4
10111111111111111111 5 15.1
00000000000000000110 5 15.1
11111111111111111100 5 13.0
00001000100000000000 5 15.1
00000010100000000000 5 17.3
00000000000100100000 5 17.3
00000000000001001000 5 15.1
00000000010010000000 5 17.3
11111111111111011110 5 17.3
00000011001000000000 5 19.4
11111111111111001110 5 19.4
11111111111110111111 5 15.1
00000000110100000000 5 19.4
00000000000010000001 6 17.3
11111111110111111111 6 13.0
00000110000000000000 6 17.3
00000000000100000100 6 17.3
11111111111011111111 6 15.1
00000000101100000000 6 19.4
00000000100100000010 6 21.6
00000000000110000000 6 17.3
11111111111101111111 6 15.1
00000011001100000000 6 21.6
11110111111111111111 6 15.1
11111111111111111010 6 15.1
00000001000100000000 7 17.3
00000000010000001000 7 17.3
00000100100000000000 7 17.3
00000000010001000000 8 17.3
00000000101000000000 8 17.3
00001000101000000000 8 19.4
00000000000000000101 8 15.1
00000011000000000000 8 17.3
00000000011100000000 9 17.3
00000001001000000000 10 17.3
00000000011000000000 11 17.3
00000010000100000000 12 17.3
00000010001000000000 13 17.3
01111111111111111111 13 10.8
11111111101111111111 13 13.0
11111111111111011111 14 15.1
11111111111111110111 15 15.1
00000000100100000000 15 17.3
11111111111111101111 17 15.1
11111111111111111011 17 15.1
00000000001100000000 20 17.3
00100000000000000000 23 15.1
00000000000000010000 26 15.1
00000000000000000100 27 15.1
00000000000000001000 27 15.1
11111111111111111110 28 10.8
11111111111111111101 28 15.1
00000000000001000000 36 15.1
00000000000010000000 36 15.1
00000100000000000000 38 15.1
00000000000000100000 38 15.1
00000000000000000010 42 15.1
00001000000000000000 43 15.1
01000000000000000000 43 15.1
00000000000000000001 44 10.8
10000000000000000000 45 10.8
00000000000100000000 47 15.1
00000001000000000000 62 15.1
00000000100000000000 63 15.1
00000000001000000000 70 13.0
00000000010000000000 76 13.0
00000010000000000000 77 15.1
11111111111111111111 610 4.3
00010000000000000000 758 15.1
00000000000000000000 22008 4.3