0.0 000000000000000000000 0.082
0.0 111111111111111111111 0.001
4.3 111111111111111111110 0.002
4.3 011111111111111111111 0.0
5.7 000000000001111111111 0.088
5.7 011111111111111111110 0.0
7.2 100000000000011111111 0.001
7.2 101000000000000000000 0.0
8.6 111110000000000001111 0.027
8.6 000000110000000000000 0.0
10.0 000000000111011111111 0.001
10.0 111111111000000000110 0.0
11.5 000000111101111100000 0.001
11.5 011111100000000100000 0.0
12.9 000111111110000001110 0.0
12.9 000111111110000001110 0.0
14.3 000000011011111110100 0.0
14.3 000000011011111110100 0.0
15.8 011111000111101010000 0.0
15.8 011111000111101010000 0.0
17.1 000110111110101001000 0.0
17.1 000110111110101001000 0.0
18.6 010011000101011111001 0.0
18.6 010011000101011111001 0.0
20.0 010011100011100101101 0.0
20.0 010011100011100101101 0.0