0.0 00000000000000000000 0.837
0.0 11111111111111111111 0.023
4.6 00000000000000000001 0.002
4.6 01111111111111111111 0.0
6.2 00000000001000000000 0.003
6.2 11100000000000000000 0.0
7.7 00010000000000000000 0.029
7.7 01100000000000000000 0.0
9.3 00000000100100000000 0.001
9.3 11111101101111111111 0.0
10.7 11111111111110000110 0.0
10.7 11111111111110000110 0.0
12.3 00000010011111111000 0.0
12.3 00000010011111111000 0.0
13.9 00001001100001000010 0.0
13.9 00001001100001000010 0.0
15.4 00000111101101000111 0.0
15.4 00000111101101000111 0.0
16.9 00000011010100001011 0.0
16.9 00000011010100001011 0.0
18.5 00011001011110000110 0.0
18.5 00011001011110000110 0.0
20.0 00101111100001010010 0.0
20.0 00101111100001010010 0.0