111011 49 7.8
111101 55 9.0
000100 55 7.8
110111 57 7.8
101101 58 10.3
010010 59 10.3
001010 65 7.8
000010 66 9.0
101011 68 7.8
001000 70 7.8
110101 79 7.8
010000 86 9.0
010101 93 7.8
101111 94 9.0
011010 97 10.3
010100 109 7.8
101010 120 7.8
011101 135 10.3
011011 141 9.0
001001 144 9.0
111010 145 9.0
100101 154 10.3
101001 155 10.3
110110 158 9.0
010001 162 10.3
010110 164 10.3
000101 199 9.0
010111 201 9.0
100100 206 9.0
011001 209 10.3
101000 224 9.0
101110 233 10.3
110011 238 10.3
111001 245 9.0
001100 300 10.3
001101 311 10.3
100010 317 10.3
010011 333 10.3
100111 339 9.0
000001 351 6.5
000110 352 9.0
110010 364 10.3
011110 366 7.8
011000 371 9.0
101100 376 10.3
100001 394 7.8
100110 403 10.3
111111 408 2.6
011111 419 6.5
110100 425 7.8
001011 442 7.8
111110 472 6.5
100000 586 6.5
110001 672 9.0
011100 689 9.0
100011 773 9.0
001110 815 9.0
111100 1693 7.8
000011 1974 7.8
110000 2352 7.8
001111 2853 7.8
000000 3920 2.6
111000 6370 7.8
000111 8247 7.8