0.0 000000000000000000000 0.078
0.0 111111111111111111111 0.002
4.3 111111111111111111110 0.006
4.3 100000000000000000000 0.0
5.7 000000000011111111111 0.142
5.7 100000000000000000001 0.0
7.2 011111111111110000000 0.003
7.2 011100000000000000000 0.0
8.6 000011111111111000000 0.004
8.6 000000000111111110000 0.0
10.0 111111110010000000000 0.001
10.0 111111110111010000000 0.0
11.5 000000000110001111111 0.001
11.5 000101111111111100000 0.0
12.9 001111000001110000000 0.0
12.9 001111000001110000000 0.0
14.3 100111111111100110000 0.0
14.3 100111111111100110000 0.0
15.8 010000111111111000100 0.0
15.8 010000111111111000100 0.0
17.1 011000001011011001111 0.0
17.1 011000001011011001111 0.0
18.6 010111001000000111010 0.0
18.6 010111001000000111010 0.0
20.0 001100101111101000010 0.0
20.0 001100101111101000010 0.0