00100100000111001000 1 23.8
00000000010000001000 1 17.3
01111111101010000000 1 19.4
00010000010000010101 1 21.6
11111111101111111110 1 15.1
10000010000111111111 1 21.6
00001001000000000000 1 17.3
00000000000110100010 1 23.8
11111110111000101110 1 23.8
00011110001000000000 1 21.6
00000001101101101010 1 21.6
11111111010111010010 1 25.9
11111110111101101101 1 21.6
10000100000001000001 1 21.6
00011110100100000100 1 28.1
00001000010000000000 1 15.1
10001000000000000000 1 17.3
00000100000101000000 1 19.4
00000000011111111111 1 13.0
00011100001000100100 1 25.9
11111111101110001101 1 25.9
00000000000000010100 1 15.1
00000100001000010000 1 13.0
00011111100111110011 1 23.8
01000000100000000000 1 19.4
10000010000001000000 1 17.3
00000011001010000001 1 25.9
00101111100001010010 1 32.4
00100000000100000000 1 17.3
00000000010001111111 1 19.4
11111111111011110111 1 17.3
00000100000001000000 1 17.3
00010000000101000000 1 21.6
00011010000000000000 1 19.4
00001101000001100000 1 23.8
00010000010000000010 1 21.6
11111111101101101000 1 19.4
00001000000010001000 1 19.4
11100111111111000111 1 21.6
00011111111111111111 1 13.0
00001011101101000001 1 28.1
00000001001001000100 1 21.6
01000100000100000000 1 21.6
00010000000100000000 1 15.1
11111011111111101100 1 23.8
00011111101110001000 1 25.9
00101000100100101000 1 21.6
00000000000001100000 1 17.3
01000000000010000000 1 19.4
00000000001111111110 1 15.1
00011100110110010001 1 28.1
11111111110011010100 1 21.6
00000000100001100100 1 21.6
00011111001001100100 1 23.8
00000100010100100001 1 23.8
00000000000001000001 1 17.3
00000001001000000000 1 17.3
00000000000000011110 1 15.1
00011111111100000000 1 17.3
11111111111111110111 1 15.1
00000001000100000000 1 17.3
01010110000100010111 1 28.1
00011000000000000010 1 21.6
00010000010000000000 1 17.3
11111111011110011111 1 19.4
00100100000010100000 1 21.6
00000000000000001111 1 13.0
00001000010000000001 1 17.3
00001000000100000000 1 17.3
01111111111111111111 1 10.8
00010000000010000000 1 19.4
00001000000000000011 1 19.4
11100111111111111110 1 17.3
11111111111101110110 1 19.4
00000000010010000000 1 17.3
00000000100000100000 1 15.1
00000001000100101001 1 23.8
11111111110111101011 1 19.4
00101000100001111000 1 28.1
00010000000000010000 1 21.6
11111111011101101000 1 23.8
00100001000000000000 1 17.3
11111111111111111010 1 15.1
11111111111011111111 1 15.1
00001000100000010000 1 19.4
00000000000000010010 1 17.3
00100100101001001000 1 17.3
00000010001000000000 1 17.3
00100000010000000000 1 19.4
00111111101110111110 1 21.6
00000010110110101010 1 21.6
10010000011111111010 1 28.1
00000000000100001000 1 17.3
00100000001000000000 1 19.4
11111111111011011111 1 17.3
10000000000010000000 1 17.3
00111010010011011100 1 25.9
00000100000000100011 1 23.8
00111011110001001000 1 28.1
11111111101110101110 1 21.6
11111111111110111101 1 19.4
00100000001000001111 1 23.8
00011110001000000010 1 28.1
11111111101100100111 1 23.8
10010000011111110110 1 30.3
00010001100100010000 1 19.4
01000101010101010010 1 25.9
00011111110010000010 1 28.1
00000000000000100010 1 17.3
00000000010000111111 1 19.4
11111111111111010010 1 19.4
00000101000100100011 1 25.9
00000000001000100010 1 17.3
11111111010010011110 1 23.8
10100100001001000010 1 23.8
00011110001011000000 1 25.9
00000000100010000000 1 17.3
00010100000000000000 1 17.3
11111111111011000110 1 21.6
00001110000000000000 1 17.3
00000000000100000101 1 19.4
00000000001000000100 1 19.4
00000010100000000000 1 17.3
00000011000000100000 1 21.6
00000000000100010000 1 15.1
00100000010000010100 1 25.9
01100110001000000000 1 21.6
01011111100111111111 1 23.8
00000101000010000000 1 19.4
01101101111011010110 1 25.9
10000000000100000000 1 17.3
00100001000101001000 1 23.8
11111111111111101111 1 15.1
11110111111111111111 2 15.1
00000000001001000000 2 17.3
00010010000000000000 2 15.1
11111111111111011111 2 15.1
00001000001000000000 2 17.3
11111111111101111111 2 15.1
00010000000000000100 2 21.6
00000000000000001000 2 15.1
00000000000100000100 2 17.3
11111111111111101101 2 17.3
00000000010100100000 2 21.6
11111111111111111011 2 15.1
00000000001111111111 2 13.0
11111111111111110101 2 15.1
00000000000001000010 2 19.4
00000000000010000001 2 17.3
00110000000100010000 2 21.6
00000000000000100000 3 15.1
00000000000000000100 3 15.1
00000000000001000000 3 15.1
11111111111111111110 4 10.8
11111111111111111101 4 15.1
11111111101111111111 4 13.0
00000000100000000000 5 15.1
00000000001000000000 6 13.0
00000000000010000000 6 15.1
00000100000000000000 6 15.1
00000000000000000001 6 10.8
10000000000000000000 7 10.8
00001000000000000000 7 15.1
01000000000000000000 7 15.1
00000000000000000010 7 15.1
00010000000000000000 7 15.1
00000000000000010000 7 15.1
00000000010000000000 7 13.0
00000000000100000000 7 15.1
00000001000000000000 8 15.1
00100000000000000000 9 15.1
00000010000000000000 10 15.1
11111111111111111111 193 4.3
00000000000000000000 7901 4.3