011000001011011001111 1 30.7
001111000001110000000 1 24.2
111111110111010000000 1 19.8
100111111111100110000 1 26.4
001100101111101000010 1 35.1
010000111111111000100 1 28.6
111111011001000100100 1 24.2
111111111111111000010 1 19.8
010111001000000111010 1 32.9
000000000111111110000 1 17.6
111111110100100000000 1 19.8
000101111111111100000 1 22.0
111110000000011100111 1 24.2
000000111001010111011 1 28.6
000101100111111111010 1 26.4
000011111111011100000 1 24.2
110111100001111111111 1 24.2
011000111111111001111 1 24.2
001100001111111100111 1 26.4
111111100011100111111 1 22.0
111101011111111000000 1 22.0
111100000000000000011 1 17.6
111111111000110000000 1 22.0
000111011111111111111 1 19.8
111111110000110000000 1 22.0
000000110000000000000 1 17.6
100110100010101111010 1 32.9
000000110111100100001 1 30.7
011110000011111111100 1 24.2
111101000000001111100 1 22.0
000001111111101100111 1 24.2
000111111001111000111 1 24.2
011110101111011101100 1 30.7
000000000111111011110 1 22.0
111100000001111111100 1 22.0
000111000001101001111 1 28.6
000101100000000011011 1 26.4
101100101001110110000 1 32.9
000000000001001111111 1 19.8
111110100001111111111 1 22.0
000001111111111110111 1 19.8
111111000000000001110 1 19.8
100000000010110111111 1 22.0
111111111000101101111 1 24.2
000110000000001111111 1 19.8
001001101010101111111 1 24.2
111111000000000110000 1 19.8
101111001100100111100 1 28.6
010011111111111111000 1 22.0
000001001111111110000 1 22.0
010011100111110001111 1 26.4
000011110011111110000 1 24.2
011111110000010001011 1 26.4
111010001101111000000 1 28.6
000000001110111111110 1 22.0
001111111000000000000 1 17.6
000001111000111100000 1 22.0
001111100001010001111 1 26.4
111110000000011111000 1 19.8
101111111100011011101 1 30.7
001111111111111000001 1 19.8
000011111111111010001 1 24.2
000000001111001111100 1 22.0
111101000111110001111 1 24.2
000001111111000000000 1 17.6
110101111000111111111 1 24.2
111100110110110000000 1 26.4
110000111111111100110 1 26.4
001110111111100011000 1 28.6
111111011010001000000 1 24.2
000000001100011010111 1 24.2
011100000000000000000 1 15.4
000011110000011000000 1 22.0
111011000011100000000 1 24.2
000001011011001110111 1 26.4
000111000000000000000 1 17.6
000110001011111111111 1 24.2
111101111110000000000 1 19.8
111001111111000000000 1 19.8
111000011111111100000 1 19.8
111001100001011100000 1 28.6
100000000000011111111 1 15.4
001111111111110110000 1 24.2
111100100111111000000 1 24.2
110010000000111111001 1 28.6
111111111111100100000 1 19.8
110101111010111111111 1 19.8
110000000000000111110 1 19.8
111100000011111000000 1 17.6
111011111111100000000 1 19.8
000010000011111111111 1 19.8
000000010001110001111 1 19.8
000000000110111111111 1 19.8
100000011111110000000 1 19.8
111111100011111111100 1 19.8
111000000011111111110 1 19.8
000011100000000111111 1 19.8
111100000000111011111 1 22.0
111000000001111111100 1 22.0
000111111111111111110 1 15.4
011111100000000001111 1 19.8
001111110111110000001 1 24.2
011111111000000100000 1 22.0
000101110011111111111 1 24.2
000111111110000000011 1 22.0
011011111111100000110 1 28.6
011111110010000000001 1 22.0
010011111111111110000 1 22.0
111100011111100000000 1 19.8
111001111110000000000 1 19.8
001111111100011011111 1 22.0
111010010011010010000 1 24.2
101101111011100010000 1 28.6
000000111000011111111 1 22.0
111101001111000000000 1 22.0
100011111100100000000 1 24.2
111101100001111111100 1 26.4
111111111000111111100 1 19.8
111111111111001100000 1 22.0
110011001111011111111 1 22.0
110011111110000000000 1 19.8
000100000111111111110 1 22.0
000000011011111111111 1 19.8
000001111110101101011 1 24.2
000011001110000001111 1 24.2
111010111110100001000 1 26.4
110110100000010100000 1 22.0
110111111010111000000 1 26.4
000111110000111111111 1 19.8
000000010001011111101 1 26.4
100111110111100100000 1 28.6
010101111111111000000 1 19.8
001111111111111111011 1 19.8
000000000000111111100 1 17.6
111101111000000100000 1 24.2
111111110000000001110 1 19.8
110011111001000000000 1 24.2
000000011111001111111 1 22.0
010100100011011100000 1 32.9
010100010010011111111 1 26.4
010111001110100000000 1 28.6
110000000000000111111 1 17.6
000000111111111101111 1 19.8
111101111111101100000 1 24.2
110011011111111100000 1 24.2
111000000000000011111 1 17.6
001111111101000000001 1 24.2
000101100000001100111 1 28.6
111000000011111110000 1 22.0
001111111100000000011 1 22.0
001111110000011001111 1 26.4
000111011011111111101 1 28.6
000111111110110001111 1 24.2
000001111101111111111 1 19.8
000000000111111110111 1 19.8
111111111111100000111 1 17.6
001101111100110011100 1 30.7
110110010000001110000 1 28.6
010011111110000010100 1 28.6
001000000111111111111 1 19.8
111101111110001000000 1 24.2
000000111110001111111 1 22.0
000011111100001111111 1 17.6
111111011111111111110 1 17.6
001001111000000111100 1 26.4
000001111111111111010 1 19.8
000001111111100111111 1 19.8
000100101111111110111 1 24.2
110000000000000011111 1 17.6
000000000001110011111 1 22.0
111111001001000000000 1 19.8
111010011110011111000 1 26.4
011000001111111111011 1 26.4
000000111111001111110 1 19.8
000011111110001111111 1 17.6
000000110110011100100 1 28.6
101111011111011100000 1 28.6
011111100000000011111 1 19.8
001001101111101100101 1 28.6
000001111111101100000 1 24.2
001001110111111100011 1 26.4
101111100000101000001 1 30.7
000000111111111000000 1 17.6
001111011100110011100 1 26.4
100000000110011111111 1 22.0
111111110011100000000 1 22.0
000001011111111111101 1 24.2
111111111111010110000 1 22.0
100011111101101111110 1 26.4
010111000001000011110 1 30.7
001111110000001000000 1 22.0
100101000110110101000 1 28.6
101001101111111010010 1 30.7
011111101110111000000 1 22.0
000001111101110111100 1 24.2
000001001110101111111 1 26.4
011111111001000011000 1 26.4
110011100000000110111 1 28.6
000000111011111111111 1 19.8
000000001101111010111 1 26.4
111111110101000000000 1 17.6
111110011111110010000 1 24.2
111100000011000000000 1 22.0
000001000000000000000 1 15.4
000000111010011111111 1 26.4
111110000000000100111 1 24.2
000000001011111100000 1 22.0
000000011100111111111 1 22.0
110011111111111111111 1 17.6
000001111001111111100 1 22.0
001111101111101110000 1 22.0
000111111100110010000 1 26.4
110000001000111000011 1 26.4
000010011111111111111 1 19.8
111111111000000100000 1 19.8
000011111111110100101 1 24.2
110011111111111100000 1 19.8
001111101110000000000 1 22.0
000001110011111011111 1 24.2
100000000110111011111 1 22.0
111010111100000000000 1 22.0
111100000010100001111 1 26.4
101100001111011011100 1 32.9
101000011111111111111 1 19.8
011000000010011111111 1 26.4
111111111110010000000 1 19.8
111111011111000011111 1 22.0
000000011100001111101 1 26.4
111111000000110000000 1 19.8
001111111000000000111 1 22.0
010110010111111111111 1 22.0
000110101000111110111 1 30.7
100001111111111111111 1 15.4
000000110001111111111 1 22.0
111111100000000011111 1 17.6
001110111110101011111 1 24.2
111111100000001001000 1 19.8
111000000000111110000 1 22.0
110010000000111111011 1 28.6
111010111100110101110 1 26.4
111000000000000010000 1 19.8
111011100000000000110 1 24.2
110000111111111111111 1 17.6
001110111111111011100 1 26.4
000000000011111000000 1 17.6
000001101111110111111 1 22.0
010000000100010011111 1 26.4
000100100111111111111 1 17.6
011110000111111111100 1 24.2
000001111110001111111 1 19.8
001001110110011110000 1 28.6
000000101101001111111 1 26.4
001000000111111111100 1 24.2
111110000000001111111 1 17.6
111111100110000000000 1 22.0
001000011111111011000 1 30.7
111111000000000001111 1 17.6
111110001011000000000 1 26.4
111111100010000001101 1 28.6
010010111100111111111 1 26.4
111111101111011010000 1 24.2
110000001110011000000 1 22.0
011010100000110111100 1 30.7
111111110100001010111 1 26.4
011110011100000000001 1 24.2
000000010011111111111 1 19.8
110110010011100111111 1 26.4
000011111111110011111 1 19.8
011111000010110110101 1 28.6
111111111100001101111 1 22.0
100111101011000010000 1 30.7
010000000101111111110 1 26.4
000001101111111111000 1 24.2
010000010110111000011 1 28.6
000001000000101111111 1 22.0
111100000000001101001 1 26.4
000111111111111111101 1 19.8
000000111111110000000 1 17.6
000000000110010000000 1 22.0
000000000011111100000 1 17.6
011000111010000001111 1 28.6
011100011001111000111 1 24.2
111000001111111111111 1 17.6
111100001010100000101 1 26.4
000000001111110000011 1 19.8
110000011111100000000 1 19.8
111000010110000000000 1 24.2
111111000101100000000 1 26.4
111100010111110000000 1 24.2
111001111111001000000 1 24.2
101010111111111100000 1 19.8
111100111011100000000 1 24.2
000000000000010111111 1 17.6
110010111101100000001 1 30.7
110100000000111111101 1 26.4
100010111111111100111 1 26.4
000001111111101111111 1 19.8
111000100011001101100 1 28.6
111101111010010000000 1 22.0
011111111110011000000 1 22.0
111011111111110111100 1 24.2
110111111111111100000 1 19.8
000101111111110000000 1 22.0
110110101111111101000 1 28.6
111110000100000000000 1 19.8
000000011111111100111 1 19.8
111111111111111011000 1 19.8
111110000010010000111 1 26.4
100000001000011110111 1 28.6
000100001011111111000 1 26.4
000000000111101101111 1 22.0
111011110001000000000 1 24.2
001000000111110101011 1 26.4
101000000001111111111 1 19.8
000011111111101111111 1 19.8
111110010000000001000 1 26.4
011111111111000001100 1 22.0
000000001011011111111 1 19.8
000000000001111100000 1 17.6
000000001111010111110 1 24.2
101110011010100010100 1 28.6
111111111011111100000 1 19.8
111001110000000001111 1 24.2
011111000000000000000 1 15.4
000001110111101111111 1 22.0
000000000110000111111 1 22.0
111111100000101111100 1 24.2
000100011111111001000 1 22.0
111001010110011111111 1 26.4
111111100010001011001 1 26.4
000000110111111111101 1 26.4
001001111111111100000 1 22.0
000000000000100000000 1 15.4
000000000000001110111 1 17.6
000000011111101111111 1 17.6
100001111000110011001 1 28.6
000011111111011111111 1 17.6
011110101110111011010 1 28.6
100000000111111111110 1 17.6
111100000011111111111 1 17.6
000000000011100101111 1 22.0
011111101111111100000 1 22.0
001111110000000000000 1 17.6
100011011101100010011 1 30.7
000000011111111101111 1 19.8
111001001100010001100 1 28.6
111100000011110111111 1 22.0
101101000001111111111 1 24.2
100111111111111100011 1 22.0
000000001000000111111 1 19.8
001111111110000001111 1 22.0
000011111111011000000 1 24.2
000000011010111111111 1 22.0
000000101001111111111 1 22.0
000111111111001110000 1 24.2
000111111110111110000 1 24.2
010111010000010111111 1 28.6
001000001110010111101 1 32.9
000000010101111111111 1 17.6
011111111111100000010 1 22.0
111011010010000000000 1 19.8
000001111111111110011 1 19.8
000011100111110001111 1 24.2
001111111011110000111 1 24.2
111100000111100010001 1 26.4
111011111111111111111 1 15.4
000011111110111001000 1 24.2
110000001111100111111 1 24.2
001111110000000011111 1 19.8
110000001110011110111 1 28.6
001111110111110000000 1 22.0
100001000011101101010 1 30.7
111111111111111110100 1 15.4
111100000000000010001 1 22.0
000100000011111111111 1 19.8
111111010100000000000 1 17.6
111111111111010000000 1 17.6
111110000001111111000 1 22.0
000000011001111111111 1 22.0
101100000000000000000 1 19.8
001111110000000000111 1 22.0
000000000001111110000 1 17.6
000111111110100101110 1 28.6
111111001100001100000 1 22.0
001101111111100000000 1 22.0
000000000011110010100 1 24.2
000000001100011111111 1 22.0
000011111100110110000 1 28.6
010001100111110000111 1 28.6
000001111100100111101 1 30.7
010100000110001111111 1 26.4
111111000000011101111 1 22.0
001100100000011111111 1 24.2
001111111100110011100 1 28.6
001001111111111111000 1 22.0
000000000111001111111 1 22.0
011111101110000001000 1 26.4
110111111011000000000 1 26.4
111100000010101001101 1 28.6
110000100001111111111 1 19.8
000000001111111011101 1 22.0
111000001110111100011 1 26.4
111111100010000000000 1 19.8
111110000000000000001 1 15.4
111111000000010001000 1 19.8
000110000001011111111 1 24.2
101111100111111110000 1 26.4
111111100000011111000 1 19.8
111111111100000000111 1 17.6
010000001011111111111 1 24.2
010101000001011111111 1 24.2
111111111111000001000 1 19.8
111110101000000001000 1 24.2
000001111110110000000 1 24.2
000100111111100001111 1 26.4
000111011100101001011 1 26.4
111110000110010000111 1 24.2
111111101101100111111 1 22.0
000000000011111111110 1 15.4
111110001100000000000 1 22.0
000000000111111011111 1 19.8
000001111101111111000 1 24.2
001111111110001100000 1 24.2
000111111111111000011 1 19.8
111100010101100000010 1 28.6
000001111111100000011 1 19.8
000000011111111110111 1 19.8
000001000111111111111 1 19.8
111111000100000110001 1 28.6
001101111111111111001 1 24.2
111111110101100000000 1 22.0
000111100110110111010 1 28.6
000001111111111111101 1 19.8
001100000011110001111 1 26.4
111100011001111110000 1 24.2
000000111111011011111 1 22.0
000000001110111011111 1 19.8
000100000000000001111 1 19.8
110000010001011111111 1 22.0
111111000000001111111 1 17.6
110000001110011001000 1 26.4
101111100101000010010 1 35.1
000000001111110111111 1 17.6
110000001111111110000 1 22.0
100110110011101000000 1 28.6
111100110110110100011 1 28.6
000000000111111101011 1 19.8
000000111110001110000 1 24.2
000000011111111011000 1 24.2
011000000000000000000 1 15.4
001000011111111111111 1 19.8
000011111110000011111 1 19.8
110000000011111110000 1 22.0
011110110001111111111 1 24.2
100011111000111111111 1 22.0
111110000011100000000 1 22.0
111111110000001101111 1 22.0
011000000011111111111 1 19.8
111100000000011111001 1 22.0
001111110111000000001 1 24.2
000000000001110000000 1 17.6
111111111000000010000 1 19.8
111001110110000000000 1 24.2
011111111100001111111 1 19.8
111111111001101000000 1 24.2
000100101011111110111 1 26.4
111111110011001000111 1 24.2
111110000000000111111 1 17.6
110111001111110101111 1 26.4
000001110110111000011 1 24.2
110011111100000000000 1 19.8
000000111110111111111 1 19.8
001001111111111111111 1 17.6
001111001100111011100 1 26.4
000000101111001111111 1 26.4
000001110000000111111 1 19.8
000000011111111111101 1 19.8
001100011111111111100 1 24.2
000000101110101011111 1 24.2
001111101101110101111 1 26.4
111101111110011111110 1 24.2
000111000011111111111 1 19.8
110111001111110000000 1 26.4
011111100110000001010 1 26.4
111110011111111111110 1 17.6
111111111001100000000 1 22.0
111111111100011000001 1 22.0
100000000000000000001 1 13.2
111111111000000001100 1 19.8
000000000000011100111 1 19.8
111000001111111000000 1 19.8
000011111011100111111 1 24.2
101111100000000100000 1 26.4
000000001011111111001 1 24.2
000111000000111110111 1 26.4
111001111000010000110 1 30.7
111111111111110000001 1 15.4
000001111100100110000 1 28.6
000000011111110011001 1 24.2
001111111100001100000 1 24.2
010010110100111111111 1 28.6
000000000111110000000 1 17.6
101111111111110000100 1 26.4
001100000000000000000 1 17.6
101011111010100000000 1 24.2
000010111100111111111 1 26.4
111110111000000001000 1 26.4
010100101110101010111 1 24.2
000111111111111001001 1 24.2
110111100100100000001 1 26.4
000000111111100010010 1 26.4
110001100011111111000 1 24.2
000001111111000011111 1 19.8
000000000101111110000 1 22.0
000001111111011000000 1 24.2
000010010101111111111 1 22.0
010011010111101010111 1 28.6
110000011111110000000 1 19.8
000111111000000000111 1 22.0
000011101000111111111 1 24.2
000000111111110000111 1 19.8
111111111111111111101 1 15.4
000001100010011111111 1 26.4
101100100011111110000 1 30.7
000110000111110011111 1 26.4
111111111101111011100 1 22.0
011101110110100111101 1 30.7
001111110000010001011 1 28.6
000001001011001110111 1 24.2
111111011111111000000 1 19.8
111101011100000000111 1 24.2
100001111111100000010 1 26.4
111111111100000001000 1 19.8
110110010111110101111 1 24.2
110000001110011111111 1 24.2
111100000100111101001 1 30.7
000010000101111111111 1 19.8
110101111111000001011 1 26.4
000011001100000111111 1 24.2
000011011111010111111 1 26.4
000000000000011101110 1 19.8
000010000000000011111 1 19.8
000000001111111111101 1 19.8
111111111111111101111 1 15.4
000000001011000011111 1 24.2
110001000011110111111 1 26.4
111011110001000000001 1 26.4
111110011111110011000 1 26.4
100001100101101111110 1 26.4
001111011111111111111 1 17.6
111100001111111110000 1 19.8
001100001001111110011 1 30.7
001101011111001111111 1 28.6
111111110010100000000 1 22.0
011110000011001111111 1 26.4
111011111111111010000 1 24.2
110110001001010000011 1 28.6
110111100001001110000 1 28.6
000001111111100000111 1 19.8
110111111111101001000 1 24.2
000000100010111111100 1 24.2
111111011000000010000 1 24.2
111111110001100000000 1 22.0
111010111100110001010 1 28.6
000111100011111100000 1 24.2
111111110000011111111 1 17.6
000111111100000010000 1 24.2
000111111100110000000 1 24.2
110000011111111100000 1 19.8
000000111000000000000 1 17.6
000000001111111110000 1 17.6
111111110001101000000 1 24.2
000001000101111010111 1 24.2
000011111001111111000 1 22.0
000111100011111100010 1 26.4
100011111111110000000 1 19.8
011100011111110000000 1 22.0
000001111111111011011 1 19.8
000100101111111101111 1 22.0
011100010000111111111 1 26.4
000111111011100000000 1 24.2
111111000000111100100 1 24.2
100101000111011111001 1 32.9
101010101010000000000 1 15.4
111111110111110111001 1 24.2
111000000000101111100 1 24.2
110111011101010001011 1 26.4
111100000010000000000 1 19.8
000111111111111010010 1 24.2
000000010000111111111 1 19.8
110010100001111111111 1 24.2
111100100011111111100 1 24.2
100000000011111111110 1 17.6
110011111111101100111 1 24.2
001111100011111111111 1 19.8
100000011111111000000 1 19.8
001111110000000000001 1 19.8
100000001101111111000 1 24.2
001010100111011011010 1 28.6
000001111111111000011 1 19.8
000000110000111111111 1 22.0
110000101111111111111 1 22.0
111111011100000000000 1 19.8
111111111101100111111 1 19.8
110011100000000110000 1 26.4
111111000111000110000 1 24.2
100000000001111100000 1 19.8
111001000000100000011 1 24.2
010000000000011100000 1 24.2
000010000111111111110 1 19.8
000011001111111000000 1 24.2
110000000011111100000 1 22.0
000001111111110010010 1 24.2
110000000000000000000 1 13.2
100110110101111001110 1 32.9
111111000100000000000 1 19.8
111111110000100000000 1 19.8
000011111111111110111 1 19.8
000001111011011011111 1 22.0
111000000000011111111 1 17.6
000000111111111111011 1 19.8
000001111111110111111 1 19.8
101110111110000001000 1 28.6
011111110100110000000 1 26.4
000101110111010011111 1 26.4
000010111111111111111 1 17.6
010000111111111100100 1 26.4
000000111111111110110 1 22.0
111001111110111001000 1 26.4
111111100000011111111 1 17.6
000000111111011111111 1 19.8
010100001111101111111 1 26.4
111111100001111111111 1 17.6
100000000010110111110 1 24.2
111110000000000111110 1 19.8
010000011000000111111 1 26.4
000011101000000111111 1 24.2
000000000111110101111 1 22.0
001110100011111000000 1 26.4
000000011111111101100 1 22.0
001111111101111000000 1 22.0
011001111111111000000 1 22.0
001111110111111111111 1 17.6
100011111101100100101 1 28.6
001000001111101111111 1 26.4
011101000011111111110 1 24.2
110111111111110000000 1 19.8
000011111101000000001 1 24.2
000010111111111100000 1 22.0
000100000000111111111 1 19.8
111100110000000000000 1 22.0
111111111000010100000 1 22.0
111001101101001001000 1 24.2
110111100110100000000 1 26.4
111111001101010000000 1 24.2
010110100101001110011 1 26.4
000000000111111100000 1 17.6
111111001110000000000 1 22.0
111000001011111001111 1 26.4
000010000000000111111 1 19.8
001100011100001101111 1 28.6
110010110111111010111 1 28.6
001111100000000011111 1 19.8
111111110100100000010 1 26.4
001101111011111100000 1 26.4
100000111111111111000 1 19.8
111110000000001000000 1 19.8
000000011110110111111 1 22.0
011100000011110111111 1 24.2
100011111111101000000 1 24.2
101111111110000100000 1 24.2
011110000000000000111 1 19.8
010110111111000000001 1 24.2
000000001111100111110 1 19.8
110001011111000001000 1 30.7
000001111110101101111 1 24.2
110110001000101101100 1 26.4
000101101111111111100 1 24.2
000101111111111111001 1 22.0
000000000000111110000 1 17.6
111110000111111111111 1 17.6
000000001111111111000 1 17.6
111110000000000011111 1 17.6
000010000110111111111 1 22.0
011011101110011000000 1 26.4
001111111111101100000 1 24.2
111100000000001111101 1 22.0
000100011111111111111 1 17.6
111110111110000000000 1 17.6
011000011110101111111 1 28.6
111111110000000110000 1 19.8
000011110011111100000 1 24.2
111101000010010010000 1 24.2
111111011011111100000 1 22.0
011010011110001100000 1 30.7
111100010111010000000 1 26.4
110111110111111111111 1 17.6
111111000101011110000 1 24.2
000000011110111100111 1 24.2
010000000011111111111 1 19.8
010101000000001111111 1 19.8
110011110010010001010 1 32.9
010011011111111010011 1 28.6
000011111000011111011 1 24.2
111110111111101111011 1 22.0
000100000001111111111 1 19.8
000001101111100000000 1 24.2
000000000000000000010 1 15.4
000011100000000001111 1 19.8
011110000000000000000 1 15.4
111000011111111111111 1 17.6
010000111111111111111 1 19.8
000000011111111000000 1 17.6
011111111111111111110 1 13.2
001111111111111100000 1 17.6
000001100000001111011 1 26.4
000111011000110111111 1 24.2
001111101000011100111 1 28.6
111111111110111100000 1 19.8
000111110111110000000 1 22.0
000111110000000000000 1 17.6
111000001111110000000 1 19.8
111111000000000000011 1 17.6
000101110001111111111 1 24.2
011000011110011100000 1 26.4
010111110111111000000 1 24.2
111101111000010000000 1 24.2
011100101111010000000 1 28.6
011101111111111111111 1 17.6
111000000000101111111 1 22.0
011111111110001111111 1 19.8
000000000101111010111 1 22.0
000000000111111111000 1 17.6
111111111111110100001 1 19.8
100110111111111110000 1 24.2
111111110111110000000 1 19.8
100011011111111100011 1 24.2
010000000111111111111 1 19.8
111111010110000000000 1 22.0
001111111111000011100 1 24.2
101100110011111110000 1 26.4
000011111101110111111 1 22.0
111011111100001101111 1 26.4
000011110011111000000 1 24.2
000000101111111100101 1 26.4
010111111111111000000 1 19.8
000000011111100101111 1 24.2
110100000000000001111 1 19.8
000000001111100001111 1 19.8
110111110000000000100 1 26.4
111001100100000010101 1 26.4
010110100111111000000 1 28.6
110011001111111111100 1 24.2
011000011011111110000 1 26.4
000011111110001011111 1 24.2
000011011111111111111 1 19.8
000001100000111111011 1 26.4
000011100010010001001 1 26.4
110000100000000000000 1 17.6
011011010100101000010 1 30.7
000000011111011011001 1 26.4
011001111111001100001 1 28.6
001011110011110000000 1 24.2
000000001110001111100 1 22.0
100000011111011101100 1 28.6
111111111111110111010 1 17.6
000100111111111111111 1 17.6
111111111111111110111 1 15.4
000011000011111111111 1 19.8
000100000000011111111 1 19.8
000010000011110111111 1 26.4
001000011011111111100 1 28.6
000001101010000000011 1 24.2
001101100100011001110 1 30.7
101111011111111000000 1 24.2
111101011111100010000 1 26.4
111010110011110000000 1 28.6
000101111000001111111 1 24.2
111001111111111000011 1 24.2
111110110011000000011 1 26.4
111111101001000000000 1 19.8
110111101111111101000 1 24.2
000000001100001111111 1 22.0
111100000011111100000 1 19.8
000000000111000011111 1 22.0
011010001111010101001 1 30.7
110011001111111111011 1 26.4
000100000000000111111 1 19.8
000111001111111111111 1 19.8
011110100100000000011 1 26.4
000011111100001101110 1 26.4
100000111111100010000 1 24.2
000011111111000111100 1 22.0
000010100111111111000 1 26.4
111111111000011011000 1 24.2
010001111111001000001 1 28.6
111000000000000001111 1 17.6
000000010000011111111 1 19.8
111111110000000001000 1 19.8
000010111100011111111 1 24.2
011011000010110111000 1 28.6
100000000110111111000 1 24.2
000111100001011110100 1 30.7
011110001110011000001 1 30.7
000110111000000000000 1 24.2
000001011110111111111 1 22.0
111111101010000000000 1 17.6
101001111111110000000 1 24.2
100011000001010001001 1 32.9
000010010000111111111 1 22.0
100011110111111010111 1 28.6
101111001100111111101 1 30.7
000001111111000111100 1 24.2
100000000000000111111 1 15.4
111111010000000000011 1 22.0
001000011111101111111 1 24.2
100110000011111111100 1 26.4
111111010001000000000 1 19.8
000000000011000000000 1 17.6
111111110000000001111 1 17.6
001111110000000100110 1 26.4
111001111111110000000 1 19.8
000000000001111111100 1 17.6
001111001111111010000 1 28.6
000111101111110000000 1 24.2
011110110000111111111 1 24.2
000000000000000011110 1 15.4
111110000000000000011 1 17.6
001111110110000001110 1 28.6
011000100011111011111 1 28.6
011110000110000011111 1 24.2
100101110111010101110 1 26.4
000000001111111001111 1 19.8
011110010110000000000 1 26.4
100000000001100111111 1 22.0
000001011111111111011 1 24.2
010001101010101111010 1 30.7
011011110010000010010 1 32.9
111010011100011111000 1 26.4
111111111111110001000 1 17.6
011101101110000000000 1 24.2
000111100000111111011 1 26.4
000011100110000000000 1 22.0
000011110001111111100 1 22.0
111111100000001010000 1 22.0
000000011011011000011 1 24.2
011000011101100001000 1 28.6
111100000000011110000 1 19.8
111001111110110001001 1 30.7
000000100000000000001 1 17.6
110000000000001111001 1 24.2
110111111111011110111 1 22.0
111101001000001010100 1 26.4
101011100011010000100 1 30.7
101111111100000000000 1 19.8
011001000000000011111 1 24.2
111111110000000000110 1 19.8
000000011110000111011 1 26.4
111111101111111111111 1 15.4
111001010000111111111 1 24.2
000001111111010011000 1 28.6
110110111000100100111 1 28.6
000001101011001110111 1 26.4
000000000111011111111 1 19.8
000000011111011111111 1 19.8
000000111111100111111 1 19.8
111111100011000000000 1 22.0
000000101110011101111 1 24.2
100100110000011011000 1 28.6
111000000001111111111 1 17.6
001100100001001111111 1 28.6
110011111111011100000 1 26.4
111101111100011110000 1 24.2
010101110110001010111 1 26.4
111111111100000001111 1 17.6
100110101010010100000 1 28.6
111000000001111111000 1 22.0
000000011000111111111 1 22.0
100011000000000011111 1 22.0
111100001111111111111 1 17.6
000111111111110111111 1 19.8
000111000000011111111 1 19.8
000000000111110011100 1 24.2
111111000111100010000 1 24.2
111110011110000001000 1 26.4
111111111100000000001 1 15.4
000000011011111111000 1 24.2
000000011111100000000 1 17.6
001001001101111000110 1 28.6
110000000000011111111 1 17.6
000111111111100000001 1 19.8
001000111111101110011 1 30.7
000001111111100001111 1 19.8
001100011111000001100 1 26.4
100000000001111111011 1 22.0
111001111111111100000 1 19.8
011011100111011000000 1 30.7
111111110000110000110 1 22.0
110011111111101111111 1 22.0
111111111000100000000 1 19.8
001111001101101111010 1 26.4
111101110010110010000 1 24.2
000111111110000010000 1 24.2
001000011111100111011 1 32.9
111111100000000001000 1 19.8
001111110000000001111 1 22.0
000000111100000101110 1 26.4
000101101111111111111 1 19.8
111110011000100000000 1 24.2
000000011100011111111 1 22.0
001100000000110110111 1 24.2
000000000000000010111 1 17.6
000101111111111111111 1 17.6
000001000111011111000 1 26.4
000000111101111111111 1 19.8
000111100000111111111 1 19.8
011100001011011110000 1 26.4
000110010111000001111 1 28.6
111101001110111100001 1 26.4
000010111110011111111 1 26.4
000011000000001001111 1 26.4
000101111111111111110 1 19.8
001011010001111101000 1 26.4
110000001111111111111 1 17.6
001011001111111110010 1 28.6
001110111110011111111 1 26.4
000000111111111110111 1 19.8
000000111111111111010 1 19.8
000111110000000111111 1 19.8
011111110000011111111 1 19.8
000000010111111110011 1 24.2
000001100011111111111 1 22.0
011111111111101010000 1 19.8
111111011101110000000 1 19.8
111110000010100000111 1 26.4
000100011010111011111 1 26.4
000100011000011111111 1 24.2
000001100111111111111 1 22.0
100001111111110000010 1 24.2
000000001111110000000 1 17.6
000000001011111110111 1 22.0
110110011111110000000 1 24.2
110001100000111111100 1 28.6
110110011011111000000 1 24.2
000011000000111011111 1 24.2
000100110011110111000 1 28.6
111110000000110000000 1 19.8
011111100000000000000 2 15.4
111111100000000000111 2 17.6
000000001111111011111 2 19.8
111111111111000100000 2 19.8
000011000000001111111 2 19.8
111111111001000000000 2 19.8
000011111111000000000 2 17.6
111111001111111000000 2 19.8
000000000001101111111 2 19.8
011111111111111110000 2 15.4
111111001100000000000 2 22.0
111111100000000000011 2 17.6
100000000000111111111 2 15.4
100000001111111111111 2 15.4
111000000000001111111 2 17.6
111100000000011111111 2 17.6
110011101001111100001 2 28.6
000011100110111101000 2 30.7
000111100111001111000 2 22.0
111100100011110000000 2 24.2
000000000111100000000 2 17.6
000000100001111111100 2 24.2
100001111111100000000 2 19.8
000111010101110111000 2 26.4
011111110000000000111 2 19.8
111111111111101000000 2 17.6
000101110111001011111 2 24.2
000111111000111111111 2 19.8
000000001111111110111 2 19.8
000001111111111111100 2 17.6
000001101111111111111 2 19.8
000011111110111000000 2 24.2
000011111111110111111 2 19.8
101011111111111000000 2 19.8
111100101000000000000 2 22.0
001111111110000000000 2 17.6
000000001111100111111 2 19.8
111111110000100000010 2 24.2
001000110000001010001 2 28.6
111110000011110000000 2 19.8
001100000000001111111 2 19.8
111111100001000000000 2 19.8
011100000011110011111 2 26.4
000111111111111111000 2 17.6
000000010010000011111 2 22.0
100001111111111000000 2 19.8
011000011011111000111 2 28.6
011111110000000001111 2 19.8
111111111111110011000 2 19.8
100000010011111111111 2 22.0
000010111111111110001 2 22.0
000000000011111111000 2 17.6
000000111100000000000 2 17.6
111101111111100000000 2 19.8
000011111111100000000 2 17.6
100111111111100100011 2 26.4
111110111111100000000 2 19.8
000001000011111111111 2 17.6
000011000000011111111 2 19.8
000111110111111111111 2 19.8
000000010110111011111 2 24.2
110011111101000100000 2 26.4
101101111111101010001 2 28.6
000000000000011111110 2 15.4
000001001111111111111 2 19.8
111100000111111111111 2 17.6
111011101101000100000 2 24.2
111000111111111000000 2 19.8
111110011000000000000 2 22.0
000000000001111111110 2 15.4
001100011111111111111 2 19.8
001111100000000000000 2 17.6
011111111000000000111 2 19.8
111111110100000000000 2 17.6
000000111111111000011 2 19.8
111100000000000111111 2 17.6
000111111000100011111 2 22.0
001110001100111101111 2 24.2
100000000011111111111 2 15.4
100000000000001111111 2 15.4
000000100011111111111 2 19.8
111100000000000110000 2 19.8
000111111111111110000 2 17.6
000000001001111111111 2 19.8
000001111000000111111 2 19.8
000000000010001111111 2 19.8
000011111111111111011 2 19.8
111111000000000001100 2 19.8
000001111110111111111 2 19.8
000011111001111111111 2 22.0
111110100000111111111 2 22.0
000000111111110011111 2 19.8
100000000000000000000 2 11.0
111111010001100000000 2 26.4
111111110110000000000 2 19.8
000000000111100001111 2 19.8
000111111101100000000 2 24.2
000100000010111111111 2 22.0
111000000001111110000 2 22.0
000000010010111111111 2 19.8
001000101111111111010 2 26.4
111101110111111111111 2 15.4
111111100100000000000 2 19.8
111111011110000000000 2 19.8
011111111111111011100 2 19.8
101101110000000100000 2 28.6
111111110000010000000 2 19.8
000011111111101100111 2 24.2
000000000100111111111 2 19.8
111111000010000000000 2 19.8
000010000001111111111 2 19.8
000000111111000101111 2 24.2
110000000111111111111 2 17.6
000011111000000000000 2 17.6
111111111100000000010 2 19.8
000001111111100000000 2 17.6
001111111111011000000 2 24.2
111111100000000001111 2 17.6
111111011000000000000 2 19.8
111111100011100011001 2 26.4
001011111011111101011 2 26.4
000000111111111100000 3 17.6
110000000000111111111 3 17.6
000000001111111111100 3 17.6
100001111111110000000 3 19.8
111111000000000000111 3 17.6
000000010111111111111 3 17.6
000011111110011111111 3 19.8
000111111111000000000 3 17.6
111111010000000000000 3 17.6
000000011101111111111 3 19.8
000000000101111111111 3 17.6
111110000000000001111 3 17.6
001010011111111111100 3 24.2
111100000000111111111 3 17.6
001111111111000000000 3 17.6
111111111101111000000 3 19.8
111100011000000000000 3 22.0
111111110000000000111 3 17.6
111110000000000000111 3 17.6
000001111111111111110 3 15.4
000011111111111011100 3 22.0
000001000001111111111 3 17.6
000000001111111101111 3 19.8
101110001100000111011 3 32.9
000100000000000000000 3 15.4
000000010001111111111 3 19.8
111111111101000000000 3 17.6
110111111111100000000 3 19.8
111110111000000000000 3 19.8
000111111111100000000 3 17.6
000000001011111111111 3 17.6
000011110000011111111 3 19.8
000000101111111111111 3 17.6
111111101100000000000 3 19.8
111110000001111111100 3 22.0
000000000011111111100 3 17.6
101010101110101000111 3 24.2
111111000000000111111 3 17.6
000000000111111111011 3 19.8
111111111000000000001 4 15.4
001000000001111001011 4 30.7
000011111111111111100 4 17.6
111111111010000000000 4 17.6
000000000000000000111 4 13.2
011111111111000000000 4 15.4
000000100111111111111 4 19.8
000000000001011111111 4 17.6
111111111111111111000 4 13.2
111111111111001000000 4 19.8
000000011111110000011 4 19.8
000001011111111111111 4 17.6
100000000001111111111 4 15.4
011111111111111111111 4 11.0
000000111110000000000 4 17.6
000000000111111111110 4 15.4
000111111100000000000 4 17.6
000001111111110000000 4 17.6
000000000010111111111 4 17.6
000000000000000000011 4 13.2
100000000111111111111 4 15.4
111111101000000000000 4 17.6
111000000000111111111 5 17.6
111000000000000111111 5 17.6
001111111100000000000 5 17.6
000111111111111100000 5 17.6
000001111111111000000 5 17.6
111111110010000000000 5 19.8
111111111100100000000 5 19.8
000000001101111111111 5 19.8
011111110000000000000 5 15.4
110000000000001111111 5 17.6
011111111110000000000 5 15.4
000000000110001111111 5 22.0
111111110000000000001 5 15.4
011111111000000000000 6 15.4
000011111111111110000 6 17.6
111111110000000000011 7 17.6
000000000111111111100 7 17.6
111111000000000011111 7 17.6
111111111111111111100 7 13.2
000000011111111110000 7 17.6
000001111111111111000 7 17.6
000000001111111111110 8 15.4
011111111111100000000 9 15.4
011111111100000000000 9 15.4
111000000000000000000 9 13.2
000000000000000001111 9 13.2
000011111111110000000 9 17.6
000011111111111100000 9 17.6
001111111111111111111 9 13.2
000001111111111110000 10 17.6
111111111111111110000 11 13.2
000000000000000000001 11 11.0
000000111111111110000 12 17.6
001111111111111000000 12 17.6
000011111111111111111 12 13.2
000000011111111111000 12 17.6
111100000000000000000 12 13.2
000111111111110000000 12 17.6
000000111111111111110 13 15.4
000111111111111111111 13 13.2
111111111111111111111 13 4.4
000000011111111111110 15 15.4
001111111111100000000 15 17.6
000000000000000011111 17 13.2
000000111111111111000 17 17.6
111111111111111100000 18 13.2
000000011111111111100 19 17.6
000001111111111100000 20 17.6
011111111111110000000 22 15.4
001111111111110000000 22 17.6
111111111111111000000 23 13.2
000000111111111111100 23 17.6
000000000000000111111 24 13.2
000111111111111000000 29 17.6
000011111111111000000 30 17.6
000001111111111111111 30 13.2
111110000000000000000 33 13.2
000000000000001111111 49 13.2
111111111111111111110 51 11.0
000000111111111111111 54 13.2
111111000000000000000 62 13.2
111111100000000000000 71 13.2
111111111111110000000 74 13.2
111111111111100000000 121 13.2
000000000000011111111 140 13.2
000000011111111111111 147 13.2
111111111111000000000 172 13.2
111111110000000000000 184 13.2
000000000000111111111 217 13.2
000000001111111111111 231 13.2
111111111000000000000 293 13.2
000000000111111111111 438 13.2
111111111110000000000 440 13.2
111111111100000000000 553 13.2
000000000000000000000 657 4.4
000000000001111111111 1167 13.2
000000000011111111111 1189 13.2