101101 14 10.3
000010 21 9.0
001010 22 7.8
010010 22 10.3
101011 23 7.8
111011 27 7.8
011010 29 10.3
111101 30 9.0
010101 30 7.8
000100 32 7.8
110111 36 7.8
110101 36 7.8
001000 38 7.8
100101 38 10.3
101111 39 9.0
011101 40 10.3
101010 40 7.8
001001 41 9.0
110110 43 9.0
010000 50 9.0
101110 55 10.3
100010 56 10.3
101001 56 10.3
010100 56 7.8
010110 58 10.3
011011 59 9.0
000101 63 9.0
111010 66 9.0
100100 73 9.0
010001 75 10.3
011001 77 10.3
000110 78 9.0
100110 79 10.3
010111 86 9.0
111001 87 9.0
101000 88 9.0
001101 99 10.3
101100 102 10.3
001100 108 10.3
110011 112 10.3
110010 112 10.3
011110 117 7.8
100111 124 9.0
010011 128 10.3
100001 129 7.8
011000 151 9.0
110100 153 7.8
000001 157 6.5
001011 177 7.8
100011 182 9.0
001110 185 9.0
111110 220 6.5
011100 221 9.0
011111 236 6.5
100000 288 6.5
110001 296 9.0
111111 335 2.6
111100 712 7.8
000011 777 7.8
001111 933 7.8
110000 1150 7.8
000000 1584 2.6
111000 3525 7.8
000111 4317 7.8