011110000 1 11.1 11.1
000011010 1 14.3 14.3
011000100 1 15.8 15.8
010111011 1 12.7 12.7
011010001 1 15.8 15.8
010011110 1 14.3 14.3
011100111 1 12.7 12.7
100110111 1 14.3 14.3
101111000 1 14.3 14.3
110110101 1 12.7 12.7
110100110 1 14.3 14.3
010011000 1 14.3 14.3
101101110 1 14.3 14.3
001111100 1 12.7 12.7
001001001 1 11.1 11.1
101100101 1 15.8 15.8
011011011 1 11.1 11.1
001011000 1 12.7 12.7
011011101 1 14.3 14.3
000101111 1 12.7 12.7
010110100 1 12.7 12.7
110010101 1 12.7 12.7
110010100 1 12.7 12.7
100010101 1 12.7 12.7
001101101 1 12.7 12.7
111001110 1 12.7 12.7
110100001 1 12.7 12.7
101100110 1 14.3 14.3
100111011 1 15.8 15.8
000110011 1 12.7 12.7
101001110 1 15.8 15.8
010011111 1 14.3 14.3
101001001 1 12.7 12.7
101110011 1 14.3 14.3
001110110 1 14.3 14.3
011011000 1 14.3 14.3
001100111 1 12.7 12.7
110000001 1 11.1 11.1
011101110 1 12.7 12.7
110011100 1 12.7 12.7
101001011 1 12.7 12.7
110110011 1 14.3 14.3
011111000 1 11.1 11.1
000111111 1 9.5 9.5
101110010 1 15.8 15.8
100100110 1 15.8 15.8
011001111 1 14.3 14.3
001100011 1 12.7 12.7
111100001 1 11.1 11.1
110001000 1 11.1 11.1
001011110 1 12.7 12.7
110100010 1 14.3 14.3
011001011 1 14.3 14.3
101000001 1 12.7 12.7
111011110 1 12.7 12.7
111000000 1 9.5 9.5
011000111 1 14.3 14.3
011001010 1 15.8 15.8
011001110 1 14.3 14.3
101000011 1 14.3 14.3
000010011 1 12.7 12.7
100011101 1 15.8 15.8
100101101 1 15.8 15.8
001101100 1 12.7 12.7
110110111 1 9.5 9.5
100100011 1 14.3 14.3
001010111 1 11.1 11.1
000010101 1 11.1 11.1
010010111 1 14.3 14.3
101110101 1 14.3 14.3
011011111 1 12.7 12.7
001101111 1 12.7 12.7
110100100 1 12.7 12.7
011000101 1 15.8 15.8
010001101 1 15.8 15.8
111110010 1 14.3 14.3
011010000 1 14.3 14.3
110001101 1 14.3 14.3
111001111 1 12.7 12.7
101000110 1 15.8 15.8
011010111 1 14.3 14.3
010101101 1 14.3 14.3
001100100 1 14.3 14.3
011010100 1 12.7 12.7
100110011 1 12.7 12.7
100001100 1 12.7 12.7
001110011 1 12.7 12.7
111101010 1 11.1 11.1
011111010 1 12.7 12.7
110110110 1 11.1 11.1
011111100 1 11.1 11.1
100100101 1 12.7 12.7
001011100 1 12.7 12.7
011010110 1 15.8 15.8
110110001 1 14.3 14.3
111111001 1 11.1 11.1
010001011 1 14.3 14.3
111100110 1 14.3 14.3
111101001 1 14.3 14.3
100110101 1 15.8 15.8
010011100 1 14.3 14.3
011101111 1 11.1 11.1
100111101 1 15.8 15.8
110011001 1 12.7 12.7
011010010 1 15.8 15.8
001111000 1 12.7 12.7
100011000 1 12.7 12.7
011101011 1 12.7 12.7
101000111 1 14.3 14.3
110100111 1 12.7 12.7
000110100 1 12.7 12.7
100011001 1 14.3 14.3
011110111 1 12.7 12.7
101101111 1 12.7 12.7
001000101 1 12.7 12.7
111000111 1 12.7 12.7
001110100 1 12.7 12.7
100011111 1 11.1 11.1
000010110 1 14.3 14.3
111010100 1 11.1 11.1
101100111 1 14.3 14.3
010000110 1 15.8 15.8
101101001 1 15.8 15.8
101111101 1 15.8 15.8
110111011 1 12.7 12.7
001101010 1 12.7 12.7
110011101 1 14.3 14.3
111111100 1 9.5 9.5
111011010 1 11.1 11.1
010010100 1 14.3 14.3
101010010 1 14.3 14.3
100100000 2 12.7 12.7
110000000 2 9.5 9.5
100100100 2 11.1 11.1
000011001 2 14.3 14.3
100110001 2 14.3 14.3
010010010 2 12.7 12.7
000101101 2 14.3 14.3
100000101 2 12.7 12.7
001001110 2 14.3 14.3
101010000 2 11.1 11.1
010111111 2 11.1 11.1
011100000 2 11.1 11.1
010100110 2 15.8 15.8
011001000 2 14.3 14.3
000110110 2 14.3 14.3
100110010 2 14.3 14.3
111110101 2 11.1 11.1
010100100 2 12.7 12.7
010100101 2 12.7 12.7
101001010 2 12.7 12.7
100010100 2 12.7 12.7
010010101 2 14.3 14.3
101010101 2 9.5 9.5
110100000 2 11.1 11.1
111100111 2 12.7 12.7
001110000 2 12.7 12.7
111111010 2 11.1 11.1
111111000 2 9.5 9.5
011101101 2 14.3 14.3
010110000 2 14.3 14.3
010010011 2 12.7 12.7
101000100 2 12.7 12.7
001111010 2 14.3 14.3
001101011 2 12.7 12.7
001001100 2 14.3 14.3
000111001 2 14.3 14.3
100100001 2 14.3 14.3
000011011 2 12.7 12.7
000011101 2 14.3 14.3
110110010 2 14.3 14.3
000011110 2 11.1 11.1
111010111 2 12.7 12.7
101011101 2 14.3 14.3
110100101 2 12.7 12.7
001010010 2 14.3 14.3
000001111 2 9.5 9.5
010101010 2 9.5 9.5
010110101 2 12.7 12.7
100101110 2 15.8 15.8
011000001 2 12.7 12.7
010000101 2 15.8 15.8
111101011 2 11.1 11.1
001001101 2 14.3 14.3
111011111 2 11.1 11.1
111110110 2 12.7 12.7
011010101 2 12.7 12.7
001111110 2 11.1 11.1
101101101 2 12.7 12.7
010011101 2 15.8 15.8
010010110 2 15.8 15.8
001000111 2 14.3 14.3
001100010 2 14.3 14.3
001011001 2 14.3 14.3
001100110 2 12.7 12.7
101101100 2 12.7 12.7
100101011 2 12.7 12.7
010010001 2 14.3 14.3
010110010 2 15.8 15.8
010100010 2 14.3 14.3
010001100 3 14.3 14.3
010101100 3 12.7 12.7
110010111 3 14.3 14.3
000101110 3 14.3 14.3
110011011 3 14.3 14.3
010011001 3 14.3 14.3
001111111 3 9.5 9.5
000010111 3 12.7 12.7
100001001 3 14.3 14.3
100101100 3 15.8 15.8
001101001 3 15.8 15.8
000100110 3 14.3 14.3
000101100 3 14.3 14.3
110111101 3 14.3 14.3
000101010 3 11.1 11.1
010001001 3 14.3 14.3
000001101 3 14.3 14.3
100101001 3 15.8 15.8
000100101 3 11.1 11.1
101111011 3 14.3 14.3
110111100 3 12.7 12.7
110101111 3 11.1 11.1
001101000 3 14.3 14.3
100100010 3 14.3 14.3
010010000 3 12.7 12.7
101010100 3 9.5 9.5
110101001 3 12.7 12.7
001010100 3 9.5 9.5
010001010 3 14.3 14.3
011111011 3 12.7 12.7
000110010 3 14.3 14.3
000001110 3 11.1 11.1
000001011 3 11.1 11.1
101000010 3 15.8 15.8
010100001 3 12.7 12.7
000011100 4 12.7 12.7
100010010 4 14.3 14.3
001111011 4 12.7 12.7
100000110 4 12.7 12.7
001001010 4 12.7 12.7
000101001 4 14.3 14.3
000111000 4 12.7 12.7
000100100 4 9.5 9.5
100001010 4 12.7 12.7
101000000 4 11.1 11.1
100101010 4 12.7 12.7
101001000 4 11.1 11.1
010101001 4 12.7 12.7
110101110 4 12.7 12.7
000111100 4 12.7 12.7
100000010 4 12.7 12.7
010101000 5 11.1 11.1
100101000 5 14.3 14.3
000000111 5 9.5 9.5
010001000 5 11.1 11.1
000000110 5 11.1 11.1
100001000 5 12.7 12.7
100000100 5 12.7 12.7
101101010 5 14.3 14.3
000011111 5 9.5 9.5
010000010 5 15.8 15.8
100000001 5 9.5 9.5
000010100 5 11.1 11.1
000100011 5 11.1 11.1
011000000 6 11.1 11.1
001010101 6 9.5 9.5
001010000 6 11.1 11.1
111101110 6 11.1 11.1
001100000 6 12.7 12.7
000100001 6 12.7 12.7
101111111 6 11.1 11.1
001000001 6 12.7 12.7
010000100 6 14.3 14.3
000010010 6 12.7 12.7
110111111 6 11.1 11.1
010000001 7 12.7 12.7
011111111 7 7.9 7.9
000110000 7 12.7 12.7
010100000 8 11.1 11.1
111110111 8 11.1 11.1
001000010 9 14.3 14.3
000100010 10 11.1 11.1
001000100 11 12.7 12.7
111111011 11 11.1 11.1
111101111 12 9.5 9.5
000010001 12 11.1 11.1
000000011 13 9.5 9.5
000000101 13 11.1 11.1
000101000 13 12.7 12.7
000011000 15 12.7 12.7
000001100 18 12.7 12.7
000001001 18 12.7 12.7
001001000 18 9.5 9.5
000001010 21 11.1 11.1
111111110 22 7.9 7.9
111111101 22 11.1 11.1
000000100 48 11.1 11.1
000010000 60 9.5 9.5
000000010 74 11.1 11.1
000000001 80 7.9 7.9
000100000 82 11.1 11.1
100000000 89 7.9 7.9
001000000 101 11.1 11.1
010000000 103 11.1 11.1
111111111 297 3.2 3.2
000001000 760 11.1 11.1
000000000 20157 3.2 3.2