000110011 7 12.7 12.7
000110010 8 14.3 14.3
011100010 9 15.8 15.8
100001001 9 14.3 14.3
010110001 10 15.8 15.8
001010010 10 14.3 14.3
011010001 12 15.8 15.8
001111010 12 14.3 14.3
001110010 12 14.3 14.3
000011010 13 14.3 14.3
001010011 13 12.7 12.7
011110100 13 12.7 12.7
000111011 13 14.3 14.3
000101011 13 11.1 11.1
000010010 13 12.7 12.7
011100101 13 15.8 15.8
011010011 13 15.8 15.8
000100010 14 11.1 11.1
011000101 14 15.8 15.8
001000011 14 12.7 12.7
001100010 14 14.3 14.3
001000101 14 12.7 12.7
000001011 14 11.1 11.1
010100010 14 14.3 14.3
010111010 15 12.7 12.7
110101100 15 12.7 12.7
000101110 15 14.3 14.3
000010001 15 11.1 11.1
101100010 15 15.8 15.8
010110110 15 12.7 12.7
000010101 15 11.1 11.1
010001101 15 15.8 15.8
110110100 15 12.7 12.7
010110101 15 12.7 12.7
011010101 15 12.7 12.7
110010001 15 14.3 14.3
011010010 15 15.8 15.8
000110100 15 12.7 12.7
011101000 15 14.3 14.3
100101011 15 12.7 12.7
011110000 16 11.1 11.1
101111000 16 14.3 14.3
001000010 16 14.3 14.3
100111010 16 15.8 15.8
001101001 16 15.8 15.8
010010011 16 12.7 12.7
011000111 16 14.3 14.3
101111100 16 14.3 14.3
100111001 16 15.8 15.8
110110001 16 14.3 14.3
000010110 16 14.3 14.3
000111010 16 14.3 14.3
011100001 16 12.7 12.7
110101010 16 9.5 9.5
011000011 17 14.3 14.3
100111011 17 15.8 15.8
001000110 17 15.8 15.8
100001011 17 12.7 12.7
001100001 17 12.7 12.7
000111001 17 14.3 14.3
000100101 17 11.1 11.1
000110101 17 14.3 14.3
111010001 17 14.3 14.3
101110100 17 14.3 14.3
000111101 17 14.3 14.3
001110111 17 11.1 11.1
011101011 17 12.7 12.7
100011001 17 14.3 14.3
001110100 17 12.7 12.7
101010110 17 12.7 12.7
010010001 17 14.3 14.3
100011011 17 14.3 14.3
101100011 18 14.3 14.3
010010010 18 12.7 12.7
110110000 18 12.7 12.7
100010101 18 12.7 12.7
001110000 18 12.7 12.7
011100110 18 14.3 14.3
000100110 18 14.3 14.3
001100011 18 12.7 12.7
010110011 18 15.8 15.8
101000001 18 12.7 12.7
001000001 18 12.7 12.7
100110011 18 12.7 12.7
100111000 18 14.3 14.3
101111001 18 15.8 15.8
010100001 18 12.7 12.7
010100100 19 12.7 12.7
011101100 19 14.3 14.3
010010101 19 14.3 14.3
010110000 19 14.3 14.3
011101110 19 12.7 12.7
000101010 19 11.1 11.1
010001001 19 14.3 14.3
000010011 19 12.7 12.7
100011101 19 15.8 15.8
010010111 19 14.3 14.3
010111001 19 15.8 15.8
010000010 19 15.8 15.8
110111001 19 15.8 15.8
001000111 19 14.3 14.3
000110111 19 12.7 12.7
001100110 19 12.7 12.7
010110010 19 15.8 15.8
010110111 20 11.1 11.1
000101111 20 12.7 12.7
010110100 20 12.7 12.7
110100001 20 12.7 12.7
010100011 20 12.7 12.7
101010010 20 14.3 14.3
010111100 20 14.3 14.3
001011011 20 12.7 12.7
001000100 20 12.7 12.7
100101101 20 15.8 15.8
001010111 20 11.1 11.1
011010000 20 14.3 14.3
010000101 20 15.8 15.8
011111010 20 12.7 12.7
101011000 20 14.3 14.3
000001010 20 11.1 11.1
111100010 20 14.3 14.3
111000100 20 14.3 14.3
100110001 21 14.3 14.3
000101101 21 14.3 14.3
010011011 21 14.3 14.3
010000011 21 14.3 14.3
001111011 21 12.7 12.7
110011011 21 14.3 14.3
110010101 21 12.7 12.7
100010100 21 12.7 12.7
111101000 21 12.7 12.7
000101001 21 14.3 14.3
001110110 21 14.3 14.3
000000101 21 11.1 11.1
101110010 21 15.8 15.8
110001001 21 14.3 14.3
000001001 21 12.7 12.7
100011010 21 15.8 15.8
010101101 21 14.3 14.3
001110011 21 12.7 12.7
110110110 21 11.1 11.1
011010110 21 15.8 15.8
010001011 21 14.3 14.3
100110101 21 15.8 15.8
110011001 21 12.7 12.7
111000101 21 14.3 14.3
001110101 21 12.7 12.7
010101110 22 12.7 12.7
100110111 22 14.3 14.3
101010000 22 11.1 11.1
010101100 22 12.7 12.7
100010010 22 14.3 14.3
100110110 22 15.8 15.8
010000001 22 12.7 12.7
001100111 22 12.7 12.7
110100010 22 14.3 14.3
000111000 22 12.7 12.7
000011011 22 12.7 12.7
110110010 22 14.3 14.3
110111100 22 12.7 12.7
110101011 22 9.5 9.5
101011001 22 15.8 15.8
100000010 22 12.7 12.7
011000100 23 15.8 15.8
101100101 23 15.8 15.8
010001000 23 11.1 11.1
101110011 23 14.3 14.3
100010001 23 12.7 12.7
111010010 23 14.3 14.3
111000010 23 14.3 14.3
011101001 23 15.8 15.8
011110101 23 12.7 12.7
101110001 23 15.8 15.8
000011110 23 11.1 11.1
100100011 23 14.3 14.3
100110000 23 14.3 14.3
101010100 23 9.5 9.5
001100101 23 15.8 15.8
010010110 23 15.8 15.8
001110001 23 14.3 14.3
100001101 23 14.3 14.3
100000011 23 11.1 11.1
010100110 24 15.8 15.8
101010001 24 12.7 12.7
010011001 24 14.3 14.3
111100001 24 11.1 11.1
010111101 24 15.8 15.8
010100111 24 14.3 14.3
100110100 24 14.3 14.3
001101111 24 12.7 12.7
110100100 24 12.7 12.7
001101000 24 14.3 14.3
011000001 24 12.7 12.7
001010001 24 12.7 12.7
011111100 24 11.1 11.1
101110000 24 14.3 14.3
010111000 24 14.3 14.3
001001011 24 12.7 12.7
000110001 24 12.7 12.7
000010100 24 11.1 11.1
101000111 24 14.3 14.3
011110110 24 14.3 14.3
010111011 25 12.7 12.7
011001000 25 14.3 14.3
001001001 25 11.1 11.1
011101010 25 12.7 12.7
110010110 25 15.8 15.8
101101000 25 14.3 14.3
011001011 25 14.3 14.3
101100001 25 14.3 14.3
101000011 25 14.3 14.3
110010011 25 12.7 12.7
110100101 25 12.7 12.7
110000101 25 14.3 14.3
101111010 25 15.8 15.8
001010100 25 9.5 9.5
011100100 25 14.3 14.3
000110110 26 14.3 14.3
101010011 26 12.7 12.7
010100101 26 12.7 12.7
001010000 26 11.1 11.1
000111110 26 11.1 11.1
001010110 26 12.7 12.7
011001010 26 15.8 15.8
101011101 26 14.3 14.3
110001101 26 14.3 14.3
011010111 26 14.3 14.3
101101010 26 14.3 14.3
000100111 26 12.7 12.7
001011101 26 14.3 14.3
100100101 26 12.7 12.7
110101000 26 11.1 11.1
111101100 26 12.7 12.7
100111100 26 14.3 14.3
010000111 26 14.3 14.3
111100100 26 12.7 12.7
101101001 26 15.8 15.8
100010011 26 14.3 14.3
111010011 26 14.3 14.3
111001001 26 14.3 14.3
101000010 26 15.8 15.8
010101000 27 11.1 11.1
011100000 27 11.1 11.1
000010111 27 12.7 12.7
101001001 27 12.7 12.7
110110011 27 14.3 14.3
001101011 27 12.7 12.7
100101001 27 15.8 15.8
000100100 27 9.5 9.5
001101100 27 12.7 12.7
101001000 27 11.1 11.1
011100011 27 14.3 14.3
111101001 27 14.3 14.3
100111101 27 15.8 15.8
111001010 27 14.3 14.3
100011111 27 11.1 11.1
001101010 27 12.7 12.7
011110001 28 12.7 12.7
100000101 28 12.7 12.7
110010111 28 14.3 14.3
110010100 28 12.7 12.7
100010110 28 15.8 15.8
111001101 28 14.3 14.3
000011101 28 14.3 14.3
001100000 28 12.7 12.7
001101110 28 14.3 14.3
100100010 28 14.3 14.3
010111110 28 12.7 12.7
011110011 28 12.7 12.7
010011101 28 15.8 15.8
011000110 28 15.8 15.8
001001111 28 12.7 12.7
100100000 29 12.7 12.7
010100000 29 11.1 11.1
100101111 29 14.3 14.3
001001010 29 12.7 12.7
101010101 29 9.5 9.5
000000010 29 11.1 11.1
111001011 29 12.7 12.7
011011010 29 12.7 12.7
110100011 29 12.7 12.7
101001011 29 12.7 12.7
110001000 29 11.1 11.1
111110100 29 11.1 11.1
010011010 29 15.8 15.8
111010110 29 14.3 14.3
010001111 29 14.3 14.3
110100111 29 12.7 12.7
000110000 29 12.7 12.7
000011001 30 14.3 14.3
100101000 30 14.3 14.3
011100111 30 12.7 12.7
001011000 30 12.7 12.7
111000001 30 11.1 11.1
101000100 30 12.7 12.7
101110101 30 14.3 14.3
101100100 30 14.3 14.3
111001100 30 12.7 12.7
011110010 30 14.3 14.3
100011110 30 12.7 12.7
010001010 30 14.3 14.3
010011000 31 14.3 14.3
001010101 31 9.5 9.5
101110110 31 14.3 14.3
011011000 31 14.3 14.3
110011100 31 12.7 12.7
111011001 31 14.3 14.3
000000110 31 11.1 11.1
110000010 31 14.3 14.3
000101000 31 12.7 12.7
111010000 31 12.7 12.7
101101011 31 14.3 14.3
101000101 31 12.7 12.7
001000000 31 11.1 11.1
010010000 31 12.7 12.7
010000100 31 14.3 14.3
000100011 31 11.1 11.1
001001000 31 9.5 9.5
001111101 31 14.3 14.3
101100111 31 14.3 14.3
010000110 31 15.8 15.8
100100111 32 14.3 14.3
100110010 32 14.3 14.3
010101111 32 11.1 11.1
101100110 32 14.3 14.3
101011010 32 12.7 12.7
111110011 32 12.7 12.7
110000011 32 12.7 12.7
111100011 32 12.7 12.7
100101010 32 12.7 12.7
101011011 32 12.7 12.7
111100101 32 14.3 14.3
111101010 32 11.1 11.1
111101011 32 11.1 11.1
010101001 32 12.7 12.7
111010100 32 11.1 11.1
110111011 32 12.7 12.7
011011011 33 11.1 11.1
011000000 33 11.1 11.1
010001110 33 15.8 15.8
100111110 33 12.7 12.7
000101100 33 14.3 14.3
011111000 33 11.1 11.1
100100001 33 14.3 14.3
011000010 33 15.8 15.8
000011000 33 12.7 12.7
100000001 33 9.5 9.5
010011100 33 14.3 14.3
001111000 33 12.7 12.7
000111100 33 12.7 12.7
111001000 33 12.7 12.7
100010111 34 14.3 14.3
100011100 34 14.3 14.3
110100000 34 11.1 11.1
110010010 34 12.7 12.7
111110010 34 14.3 14.3
100101110 34 15.8 15.8
001100100 34 14.3 14.3
110101001 34 12.7 12.7
101011100 34 12.7 12.7
110101101 34 14.3 14.3
110011101 34 14.3 14.3
101010111 35 11.1 11.1
110001010 35 12.7 12.7
111101101 35 12.7 12.7
100001010 35 12.7 12.7
101000110 35 15.8 15.8
001001101 35 14.3 14.3
111000011 35 12.7 12.7
001111001 36 14.3 14.3
001001110 36 14.3 14.3
110110101 36 12.7 12.7
011111001 36 12.7 12.7
100101100 36 15.8 15.8
110000001 36 11.1 11.1
110000100 36 12.7 12.7
101000000 36 11.1 11.1
101001100 36 15.8 15.8
101101101 36 12.7 12.7
101001111 36 14.3 14.3
001111100 37 12.7 12.7
001101101 37 12.7 12.7
111010101 37 11.1 11.1
001011001 37 14.3 14.3
011111011 37 12.7 12.7
110001011 37 12.7 12.7
100100100 38 11.1 11.1
001011111 38 11.1 11.1
101001101 38 15.8 15.8
011010100 38 12.7 12.7
100011000 38 12.7 12.7
111011010 38 11.1 11.1
010010100 38 14.3 14.3
000000011 39 9.5 9.5
011001110 39 14.3 14.3
100010000 39 11.1 11.1
011110111 39 12.7 12.7
110111110 40 12.7 12.7
011101101 40 14.3 14.3
000001101 40 14.3 14.3
110101110 40 12.7 12.7
011011001 40 15.8 15.8
000001110 40 11.1 11.1
101001010 41 12.7 12.7
010011111 41 14.3 14.3
001011010 41 12.7 12.7
011101111 41 11.1 11.1
101111011 42 14.3 14.3
101011111 42 11.1 11.1
011001100 42 12.7 12.7
101111101 42 15.8 15.8
110001111 42 12.7 12.7
110011010 43 15.8 15.8
110111101 43 14.3 14.3
001011110 43 12.7 12.7
001011100 43 12.7 12.7
000000100 43 11.1 11.1
001111110 43 11.1 11.1
111011000 43 12.7 12.7
111000111 43 12.7 12.7
101101100 43 12.7 12.7
010011110 44 14.3 14.3
101101110 44 14.3 14.3
001001100 44 14.3 14.3
110011000 44 12.7 12.7
111100110 44 14.3 14.3
000100000 45 11.1 11.1
100001000 45 12.7 12.7
101111110 45 12.7 12.7
010000000 46 11.1 11.1
000100001 46 12.7 12.7
111010111 46 12.7 12.7
011011100 46 14.3 14.3
111011011 46 9.5 9.5
011001111 47 14.3 14.3
011001001 47 15.8 15.8
101101111 47 12.7 12.7
000010000 48 9.5 9.5
101110111 48 11.1 11.1
010001100 48 14.3 14.3
010101011 48 9.5 9.5
111110001 48 11.1 11.1
000011100 49 12.7 12.7
111011100 49 11.1 11.1
101001110 49 15.8 15.8
110110111 49 9.5 9.5
110010000 49 12.7 12.7
000011111 49 9.5 9.5
011111101 49 12.7 12.7
101100000 50 14.3 14.3
000001111 50 9.5 9.5
000001000 50 11.1 11.1
111110101 51 11.1 11.1
010101010 51 9.5 9.5
101011110 51 12.7 12.7
111111001 51 11.1 11.1
110011110 52 12.7 12.7
010111111 53 11.1 11.1
110001110 54 14.3 14.3
110100110 54 14.3 14.3
000000111 54 9.5 9.5
011011101 54 14.3 14.3
110000111 54 12.7 12.7
100001111 55 11.1 11.1
111011101 55 11.1 11.1
111110110 55 12.7 12.7
110001100 55 12.7 12.7
110111010 55 12.7 12.7
011001101 56 14.3 14.3
111100111 57 12.7 12.7
100000100 57 12.7 12.7
110101111 57 11.1 11.1
111100000 59 9.5 9.5
111111010 59 11.1 11.1
011011110 61 14.3 14.3
100111111 62 11.1 11.1
111000000 65 9.5 9.5
000000001 65 7.9 7.9
111110000 68 9.5 9.5
000111111 68 9.5 9.5
100100110 68 15.8 15.8
100000111 70 11.1 11.1
011111110 71 9.5 9.5
110011111 74 12.7 12.7
111101110 75 11.1 11.1
111011110 83 12.7 12.7
111001110 87 12.7 12.7
001111111 87 9.5 9.5
110111000 87 14.3 14.3
100000000 87 7.9 7.9
000001100 89 12.7 12.7
111111000 94 9.5 9.5
111001111 97 12.7 12.7
100001100 97 12.7 12.7
011011111 101 12.7 12.7
110000000 103 9.5 9.5
100001110 104 12.7 12.7
111111100 107 9.5 9.5
101111111 117 11.1 11.1
111000110 117 14.3 14.3
111111011 150 11.1 11.1
111110111 150 11.1 11.1
111101111 161 9.5 9.5
111111101 163 11.1 11.1
110000110 166 14.3 14.3
110111111 174 11.1 11.1
111011111 179 11.1 11.1
011111111 228 7.9 7.9
100000110 267 12.7 12.7
111111110 401 7.9 7.9
000000000 1076 3.2 3.2
111111111 3952 3.2 3.2