1000100010 4 13.3
0101110100 4 14.9
0000110011 4 14.9
0011010001 6 16.6
0000101101 6 14.9
0011101000 6 14.9
1000010110 6 16.6
1001110010 6 16.6
1001110001 6 16.6
0101111000 6 14.9
0101000111 6 14.9
1000110011 7 16.6
0000111101 7 14.9
0000011010 7 14.9
0011010110 7 16.6
0100001001 7 16.6
0001000011 7 13.3
0011001010 7 16.6
1000111001 7 16.6
0010000111 8 14.9
1011100010 8 16.6
0010110110 8 14.9
0101111100 8 14.9
0011010010 8 16.6
0001111010 8 14.9
0000101110 8 14.9
0111001010 8 16.6
0010111010 8 14.9
0000111010 9 14.9
0111101000 9 14.9
1011100001 9 16.6
0111000100 9 16.6
0011100101 9 16.6
0110001101 9 16.6
0010011110 9 14.9
0011000101 9 16.6
0011011010 9 13.3
0111001100 9 16.6
1110001001 9 16.6
0101010011 9 13.3
0111000010 9 16.6
0010011100 9 14.9
1000110010 9 18.3
0001100101 10 16.6
0011010011 10 16.6
0110111001 10 18.3
0010010001 10 13.3
0010110010 10 14.9
0101110001 10 16.6
1101101001 10 14.9
1001100001 10 14.9
0011000011 10 14.9
0011000110 10 14.9
0000110110 10 14.9
1010000011 10 14.9
1100101101 10 16.6
0100011011 10 14.9
1100001001 10 14.9
0001000010 10 14.9
1001100010 10 16.6
0011000111 10 13.3
0011100001 10 14.9
1010001101 10 18.3
1110101100 10 14.9
0001100010 10 14.9
1001000001 10 14.9
1000100101 11 14.9
0010101101 11 14.9
0001101001 11 16.6
1100111000 11 13.3
0011000100 11 16.6
0111000101 11 16.6
0100010110 11 16.6
1001110000 11 14.9
1001000101 11 14.9
0010001101 11 18.3
0110110000 11 14.9
0010100001 11 13.3
0001000110 11 14.9
0000111011 11 14.9
0011101011 11 13.3
1101100010 11 14.9
0111110100 11 13.3
0010011101 11 14.9
0100110100 11 14.9
1011110000 11 14.9
0001110111 11 13.3
1001000110 11 18.3
1110100001 11 14.9
0011100010 11 14.9
0100101110 11 16.6
0100000011 11 14.9
1011101010 11 14.9
0100011101 11 16.6
0001010011 12 14.9
0110011011 12 14.9
1101100101 12 14.9
1010110000 12 14.9
0011101110 12 13.3
0101100001 12 16.6
0101100010 12 16.6
0001101011 12 14.9
1101000011 12 14.9
0110110100 12 14.9
1100010101 12 13.3
1010011001 12 16.6
0010010011 12 11.6
0011001000 12 14.9
0101111001 12 16.6
1000111010 12 16.6
1000010011 12 14.9
0111010000 12 14.9
0011110100 12 14.9
0001100110 12 13.3
0101011100 12 13.3
0101000110 12 16.6
1100011011 12 14.9
0001110100 12 14.9
0110011001 12 13.3
0010110001 12 16.6
1101000001 12 13.3
0000100101 12 13.3
1001000011 12 14.9
0001101000 12 14.9
1100111010 12 16.6
0000010010 13 13.3
1011110001 13 16.6
0101001011 13 13.3
0110110001 13 16.6
1010001011 13 14.9
0100011001 13 16.6
0010000010 13 14.9
0010011011 13 13.3
0010111001 13 16.6
0000110101 13 14.9
1101001000 13 13.3
1100111001 13 14.9
0011110101 13 14.9
0100000101 13 16.6
0010010010 13 11.6
1011010001 13 16.6
0101011101 13 14.9
0010110101 13 13.3
1100110011 13 13.3
0110001110 13 16.6
1100011010 13 16.6
1000011110 13 13.3
1011110100 13 16.6
1010110001 13 16.6
0110001000 13 14.9
0111011100 13 13.3
0100110111 13 14.9
0001100001 13 13.3
0001101110 13 16.6
0000110001 13 13.3
0011010101 13 13.3
1110101010 13 11.6
0001010110 13 14.9
1011101000 13 14.9
0111100010 13 16.6
0110001001 13 18.3
0011110110 13 14.9
1101010000 13 11.6
0011100100 13 14.9
0010100010 13 14.9
1001000111 13 16.6
1011100000 13 14.9
0001011110 13 14.9
0010001110 13 16.6
1000101000 13 14.9
0001110110 13 16.6
1010000010 13 16.6
1001110110 13 18.3
0111101100 13 14.9
1000001011 13 13.3
0010001001 13 14.9
0001000101 14 11.6
0001010100 14 11.6
0100000010 14 16.6
0101100100 14 14.9
1010100010 14 14.9
0100101011 14 14.9
0010111100 14 14.9
1100001011 14 14.9
0010110100 14 13.3
1011000101 14 18.3
1100110001 14 16.6
0101000010 14 16.6
1001111010 14 16.6
0110100010 14 16.6
0111111001 14 13.3
0100100101 14 13.3
1000010010 14 14.9
0000110010 14 16.6
0011100011 14 13.3
0001100100 14 14.9
0010111101 14 16.6
0001100111 14 13.3
0001011011 14 13.3
0100110101 14 16.6
1011010000 14 14.9
1101010001 14 13.3
1100110110 14 16.6
1011000011 14 16.6
0000101010 14 11.6
1010100100 14 13.3
0011001001 14 16.6
1000010001 14 14.9
0101010010 14 14.9
0100111001 14 16.6
1011100110 14 16.6
1100101011 14 13.3
0010100110 14 16.6
0001110010 14 14.9
0010010101 14 13.3
0001011101 14 14.9
1001000010 14 16.6
1001001000 14 11.6
0011011100 14 14.9
1000101001 14 16.6
0111100100 15 14.9
0010111110 15 13.3
0011110000 15 13.3
1101010100 15 10.0
1000001001 15 14.9
0111010010 15 16.6
0011101101 15 14.9
0100111000 15 14.9
1110110001 15 14.9
0100110011 15 14.9
1001110100 15 16.6
0011111010 15 14.9
1000000011 15 11.6
0000100110 15 14.9
0110100101 15 16.6
1101100011 15 14.9
0110110010 15 16.6
0010000110 15 16.6
0001101100 15 14.9
1110010001 15 16.6
0111100101 15 16.6
1110100100 15 13.3
0001111011 15 14.9
1000000101 15 13.3
0011100111 15 13.3
1100010001 15 13.3
0111010011 15 16.6
0110101000 15 14.9
1011101001 15 16.6
0110111100 15 14.9
0010111000 15 14.9
1001001001 15 13.3
1000110100 15 16.6
1001010010 15 16.6
0011101100 15 14.9
0011111100 15 13.3
0100101001 15 16.6
1000011001 15 14.9
0010010110 15 14.9
0010010100 15 13.3
0111001000 15 14.9
1110010011 15 14.9
1001101100 16 16.6
0110000001 16 13.3
1011000111 16 14.9
0011001110 16 16.6
0100100011 16 14.9
1001100011 16 14.9
0011001100 16 13.3
1011101100 16 16.6
1001100110 16 13.3
1110110010 16 14.9
0110011110 16 14.9
1010000101 16 16.6
0001000001 16 13.3
1110000101 16 14.9
0100100111 16 14.9
1000101110 16 16.6
0111111010 16 13.3
1100010011 16 14.9
0101111010 16 16.6
0100011110 16 16.6
0001110000 16 13.3
0001111101 16 14.9
0101101110 16 14.9
0111000001 16 13.3
0110010001 16 16.6
0110100001 16 16.6
0001001101 16 14.9
0001011010 16 14.9
0011011101 16 16.6
0100001101 16 18.3
0010000011 16 13.3
0110010100 16 16.6
0101110000 16 14.9
0110010110 16 16.6
0010001010 16 14.9
1000110001 16 13.3
1000011010 16 16.6
0100011010 16 16.6
0110101100 16 16.6
0011001011 16 14.9
1010001001 16 14.9
1000001010 16 13.3
0011001101 16 14.9
1010111100 16 14.9
0000011110 16 11.6
0001011100 16 14.9
1101010110 16 13.3
1110110100 16 13.3
0011000010 16 16.6
0000101001 16 14.9
0111001101 16 18.3
0001110101 17 14.9
0101001000 17 13.3
1101100001 17 14.9
1111010010 17 14.9
1100100011 17 14.9
0000100010 17 11.6
0100111010 17 18.3
0111101011 17 13.3
1011010010 17 16.6
0101001001 17 14.9
0111001001 17 16.6
0001010010 17 14.9
1100100001 17 14.9
1010100000 17 11.6
0101110011 17 16.6
0110011101 17 16.6
0111110010 17 14.9
0001001010 17 13.3
0001000111 17 13.3
1101011000 17 14.9
0111011000 17 16.6
0001000100 17 11.6
1000101111 17 14.9
0100111100 17 16.6
0100111101 17 18.3
0101011001 17 16.6
0111010001 17 16.6
1110100010 17 14.9
0000100100 17 11.6
0100001011 17 16.6
1000011011 17 14.9
0111001110 17 13.3
0011011000 17 14.9
0011111001 17 14.9
0000010110 17 14.9
0001110011 17 13.3
0001011000 17 14.9
1000110000 17 13.3
0111100001 17 13.3
0010101110 17 13.3
0000101011 17 11.6
1110111100 17 13.3
1011001000 17 14.9
0111111100 17 11.6
0000011101 17 14.9
0110000100 17 16.6
0100111011 17 18.3
1001000100 17 14.9
0010011001 17 14.9
0010110000 17 14.9
1011100101 17 16.6
0111101001 17 16.6
0001001110 17 14.9
1000010111 17 14.9
1000100110 17 16.6
0001101111 17 14.9
0110011100 17 14.9
1101110100 17 14.9
0101100011 17 16.6
0110010101 17 16.6
1000100011 17 13.3
1010110010 17 16.6
0100011111 17 14.9
0100111110 17 14.9
1100110000 18 14.9
0110100011 18 16.6
0010000101 18 14.9
1010100001 18 13.3
1101000000 18 11.6
0100101101 18 16.6
1000101011 18 13.3
1101110011 18 16.6
0001101101 18 14.9
1010101100 18 13.3
1101110010 18 18.3
0011000001 18 13.3
1010111001 18 16.6
1000010101 18 13.3
1011101110 18 13.3
0100010101 18 14.9
1011111100 18 14.9
0001100011 18 13.3
1000111101 18 16.6
0101000101 18 14.9
0110010010 18 16.6
0011011110 18 14.9
1100001101 18 16.6
1001110111 18 14.9
0000111001 18 14.9
0101000001 18 13.3
1100101010 18 13.3
0010010111 18 13.3
1111100010 18 14.9
0011100110 18 14.9
0100110000 18 16.6
0100001111 18 14.9
1011101011 18 14.9
1001101001 18 16.6
0010101001 18 13.3
1110011001 18 13.3
1000010100 18 13.3
0010011000 18 14.9
1001010001 18 16.6
1000100001 18 14.9
0110101011 18 13.3
1101011001 18 16.6
1110011011 18 14.9
1010010101 18 13.3
1011010011 18 16.6
1100011101 18 14.9
0101101010 19 13.3
1110111001 19 14.9
0010111011 19 14.9
1111010001 19 14.9
0100110001 19 18.3
1111100100 19 13.3
1001101000 19 14.9
1101100000 19 13.3
0101111101 19 16.6
0001001100 19 14.9
0111100110 19 14.9
1001110101 19 16.6
0110111010 19 14.9
1110110011 19 14.9
1011001011 19 14.9
0001010001 19 14.9
1001111001 19 16.6
0101011000 19 14.9
1001100101 19 16.6
1111000100 19 14.9
1110110000 19 13.3
1010001000 19 11.6
0101110010 19 18.3
0101110110 19 14.9
1000110111 19 14.9
0010011010 19 14.9
0001001011 19 13.3
0111000000 19 11.6
1001010011 19 16.6
0000100111 19 14.9
1011000100 19 18.3
0110011000 19 13.3
0101010110 19 13.3
0110100000 19 14.9
0011011001 19 16.6
0100010111 19 14.9
0010100011 19 13.3
0110001111 19 14.9
0110101001 19 16.6
0100100110 19 16.6
0100110110 19 16.6
0011010000 19 14.9
0100011100 20 14.9
0111000111 20 14.9
1101011010 20 13.3
0110001010 20 16.6
0100010010 20 16.6
1101111001 20 16.6
1100011001 20 14.9
0111101010 20 13.3
0101101000 20 14.9
0010001000 20 11.6
0011001111 20 14.9
0100100010 20 16.6
0101011111 20 11.6
1000100100 20 13.3
0111010110 20 16.6
1001100000 20 14.9
0001001111 20 13.3
0101101111 20 13.3
1100010100 20 13.3
0001010111 20 13.3
1001100111 20 13.3
1010010111 20 14.9
0001010101 20 11.6
1100100000 20 13.3
1110011100 20 13.3
0011111011 20 13.3
1100111011 20 16.6
1110010101 20 14.9
1101001100 20 14.9
0000101100 20 14.9
0110001100 20 14.9
0101000100 20 14.9
0111001011 20 16.6
0000010101 20 11.6
0000111000 20 13.3
0101011110 20 13.3
0011010100 20 13.3
0100010100 20 14.9
1000011101 20 16.6
1000111011 20 16.6
0101111110 20 13.3
0100101111 21 14.9
1110011010 21 16.6
1001101010 21 16.6
1111001101 21 16.6
0111101101 21 14.9
0110000011 21 14.9
1000101010 21 13.3
1100100101 21 13.3
1100101001 21 16.6
1010000111 21 14.9
0101100110 21 16.6
0100000111 21 14.9
0110111000 21 16.6
1010101110 21 13.3
0110101010 21 13.3
1101000010 21 16.6
0000001010 21 11.6
1011100100 21 14.9
1000110101 21 16.6
0100110010 21 16.6
0001100000 21 13.3
0101010001 21 13.3
0110000101 21 16.6
0000010001 21 13.3
0100001100 21 16.6
1100110100 21 14.9
0000010011 21 13.3
0110010000 21 14.9
1110010110 21 16.6
0111011010 21 14.9
1111100001 21 11.6
0000110100 21 14.9
0011101001 21 16.6
0111100000 21 11.6
1111001011 21 14.9
1001010111 21 14.9
1011111000 21 14.9
1001101110 21 16.6
1010110100 21 13.3
1011000001 21 14.9
1110101000 21 13.3
1100101000 21 14.9
0110100100 21 14.9
1010010001 21 14.9
0010100100 21 13.3
1000101100 21 16.6
1110001101 22 14.9
1011010101 22 14.9
1101000101 22 14.9
0000000101 22 11.6
1011110010 22 18.3
1110001000 22 13.3
1100010010 22 14.9
1011000000 22 14.9
0111010100 22 13.3
1000101101 22 16.6
0010110011 22 14.9
1110100101 22 14.9
0010000100 22 13.3
1011011000 22 14.9
0000010100 22 11.6
0101011011 22 13.3
1100000001 22 11.6
1001001011 22 14.9
0101101001 22 16.6
0100101000 22 14.9
1000111110 22 13.3
1100111101 22 16.6
1100001010 22 14.9
0111110110 22 14.9
0100011000 22 14.9
1101101000 22 13.3
1010000100 22 14.9
1001110011 22 14.9
0110001011 22 16.6
0110101101 22 16.6
1010111010 22 14.9
1000111100 23 14.9
0110000010 23 16.6
0011110010 23 16.6
1010110101 23 13.3
0010101100 23 13.3
0110010011 23 16.6
1110100011 23 14.9
1010011011 23 14.9
1110000010 23 14.9
0011110001 23 14.9
1010000110 23 16.6
0110111011 23 14.9
1111010110 23 14.9
1100000011 23 13.3
0001101010 23 14.9
0101010000 23 11.6
0010001111 23 14.9
0000011000 23 13.3
0010101010 23 10.0
1100100010 23 16.6
1010101000 23 11.6
0000011001 23 14.9
1111000010 23 14.9
1010000001 23 13.3
0110111110 23 14.9
0011010111 23 14.9
0101000011 23 14.9
1001010110 23 16.6
1010010011 23 13.3
1110010100 23 14.9
0100100001 23 14.9
1001111011 23 16.6
1001111000 23 14.9
0000011100 23 13.3
0111010101 23 13.3
1101100100 23 13.3
1001010000 23 14.9
1010010000 23 13.3
1101010010 23 14.9
0001111110 23 11.6
0000001011 23 11.6
0101001100 23 16.6
0010100101 23 13.3
1011111010 23 16.6
1010100110 23 16.6
0100001110 23 16.6
0100001010 24 16.6
1010001010 24 14.9
0100101010 24 14.9
0101110101 24 14.9
0001011001 24 14.9
1111101001 24 14.9
0100010011 24 16.6
1101111010 24 14.9
1100000010 24 14.9
1110010111 24 14.9
0100100100 24 11.6
1001011011 24 14.9
1001101011 24 16.6
0011011011 24 11.6
1010010110 24 16.6
1011110011 24 16.6
1010011010 24 16.6
0101101011 24 13.3
1101110001 24 16.6
0101010100 24 10.0
0110110110 24 13.3
0111110001 24 13.3
1000111000 24 14.9
0101001110 24 16.6
0101100111 24 16.6
1010111000 24 14.9
1101101010 24 13.3
1000100111 24 16.6
0001001001 24 11.6
0011111101 24 14.9
1101100110 24 14.9
0100001000 24 14.9
1001001010 24 14.9
0101100101 24 16.6
0011110011 24 14.9
1010101111 25 11.6
1011000110 25 16.6
0111000011 25 14.9
1001010101 25 13.3
0000100011 25 11.6
0000111110 25 11.6
1101010011 25 13.3
1100011110 25 14.9
0111011101 25 13.3
0101111011 25 14.9
0111101110 25 14.9
1101111000 25 14.9
1100010000 25 11.6
0000001110 25 11.6
1100101100 25 16.6
1100110010 25 14.9
1101111100 25 13.3
0110100110 25 16.6
1010011101 25 16.6
1010110110 25 14.9
1010010010 25 13.3
0010101111 25 11.6
1111010100 25 11.6
1010110011 25 16.6
0101101100 25 13.3
1010001110 25 16.6
0001010000 25 13.3
1000100000 25 13.3
1101001001 25 14.9
0010001011 25 14.9
1001011101 25 16.6
1100110111 25 14.9
1100110101 25 16.6
0110101111 25 14.9
0000111100 26 13.3
1111010011 26 14.9
1101001101 26 14.9
1101110101 26 14.9
0111011011 26 13.3
0000010111 26 13.3
1001011000 26 16.6
1000011000 26 13.3
0011000000 26 13.3
1000000110 26 13.3
1110101011 26 11.6
1010111011 26 14.9
0100101100 26 16.6
1010101001 26 13.3
1010011000 26 16.6
1011111001 26 16.6
0101110111 26 11.6
0010010000 26 11.6
1001000000 26 13.3
0010100111 26 14.9
1001111100 26 14.9
0101001111 26 14.9
0101010111 26 11.6
1101010101 26 10.0
1001001111 26 14.9
0100000100 26 14.9
1010100101 26 13.3
0100010001 26 13.3
0000110111 26 13.3
1111001100 27 14.9
1000000111 27 11.6
1011100011 27 14.9
1111011010 27 13.3
1101011100 27 13.3
1101000100 27 14.9
1010100011 27 13.3
0001111001 27 14.9
1110011101 27 14.9
0010101000 27 11.6
0101001010 27 13.3
1011110110 27 16.6
1000000100 27 13.3
1101110000 27 14.9
1111000011 27 13.3
1011000010 27 18.3
1100100100 27 11.6
0010000001 27 13.3
0000000110 27 11.6
0000011011 27 13.3
1100000101 27 14.9
0100100000 27 13.3
1000011111 27 11.6
1100011100 27 13.3
1000001000 27 13.3
0110100111 28 16.6
0111110101 28 13.3
0011110111 28 13.3
1111001010 28 14.9
1001010100 28 13.3
0100010000 28 11.6
1010100111 28 14.9
1011100111 28 14.9
1101000110 28 16.6
1000000001 28 10.0
1011001010 28 16.6
0011101010 28 13.3
1010001100 28 16.6
0001110001 28 14.9
1011011010 28 13.3
1110010010 28 14.9
0110000111 28 14.9
0111011001 28 16.6
1011010110 28 16.6
1001011111 28 14.9
1110101101 28 14.9
1111101000 28 13.3
0110110011 28 16.6
1111000101 28 14.9
0010001100 28 16.6
0110101110 28 16.6
0101101101 28 13.3
1110101001 29 14.9
1010111101 29 16.6
0111100011 29 14.9
0001011111 29 13.3
1001011001 29 16.6
1100111100 29 14.9
0110011010 29 16.6
1110110110 29 11.6
1001101111 29 14.9
1010010100 29 13.3
0100000001 29 13.3
0010100000 29 11.6
1001001110 29 16.6
0110111101 29 16.6
0011111000 29 13.3
1001001101 29 16.6
0101001101 29 16.6
1000001111 29 11.6
1110001011 29 14.9
0110010111 29 14.9
1000110110 29 16.6
1101000111 29 14.9
1111001000 29 13.3
1111001001 29 14.9
0010101011 29 10.0
1010101101 29 14.9
1010000000 30 11.6
1110100111 30 14.9
0011101111 30 11.6
1101001010 30 13.3
1010001111 30 14.9
1010111110 30 13.3
1101100111 30 14.9
1110001010 30 14.9
0001111000 30 13.3
0111100111 30 13.3
0000001101 30 14.9
1111101100 30 13.3
1111000001 31 11.6
1100111110 31 13.3
1011010111 31 14.9
1100011000 31 13.3
0111011110 31 14.9
0101011010 31 13.3
1011011001 31 16.6
0010011111 31 13.3
0000001001 31 13.3
1110100000 32 13.3
1101001011 32 13.3
0011111110 32 11.6
0011100000 32 13.3
0111110000 32 11.6
1100101111 32 14.9
1111010000 32 13.3
0000101111 32 13.3
0001001000 32 10.0
0101010101 32 10.0
1000000010 32 13.3
1111011001 32 14.9
0110110101 32 14.9
0111000110 32 16.6
1100101110 32 16.6
0111010111 32 14.9
1011110101 33 16.6
1110110101 33 13.3
1011010100 33 14.9
1001111110 33 13.3
1010110111 33 13.3
0000110000 33 13.3
1100010110 33 16.6
0000101000 33 13.3
1100001000 34 13.3
1001101101 34 16.6
1100011111 34 13.3
1000010000 34 11.6
1001001100 34 16.6
1101001111 34 14.9
1101101011 34 13.3
1100010111 34 14.9
1101101101 34 11.6
1110011000 34 13.3
1100100111 34 14.9
1111011000 34 14.9
1001100100 34 14.9
1011001100 35 14.9
1010011100 35 16.6
0110011111 35 14.9
1011001110 35 18.3
0111111000 35 11.6
1001011100 35 16.6
1011011011 35 11.6
1000001110 36 13.3
1110000100 36 14.9
1101110110 36 14.9
1110000011 36 13.3
1110000001 36 11.6
1000001101 36 14.9
1111010101 37 11.6
1101001110 37 16.6
1111101010 37 11.6
0110000110 37 16.6
0101100000 37 14.9
1101101100 37 11.6
0101000000 38 11.6
1111100101 38 14.9
1111110100 38 11.6
1001011110 38 16.6
1101011101 38 14.9
1110001100 39 13.3
1101011011 39 13.3
0111001111 39 13.3
1001111101 39 16.6
1011001111 39 16.6
1101010111 39 11.6
1011001001 40 16.6
1101101110 40 13.3
1110010000 40 14.9
1000011100 41 14.9
0100111111 41 14.9
0000100001 41 11.6
0010111111 42 11.6
1101111011 42 13.3
1110101110 42 14.9
0111110011 42 13.3
1111100110 42 14.9
0100000110 43 16.6
1110100110 43 14.9
0000001100 43 13.3
1001011010 43 16.6
0011011111 43 13.3
1010011111 43 14.9
1110000111 43 13.3
1111000111 44 13.3
0110000000 44 11.6
0001111100 44 13.3
1111100011 45 13.3
1011101101 45 16.6
0111111101 45 13.3
1011011100 45 14.9
1000111111 45 11.6
1011101111 45 11.6
1010101011 46 10.0
1111011100 46 11.6
1011011101 47 16.6
1111110011 47 13.3
1110001110 48 14.9
1110111011 48 11.6
1111110010 48 14.9
1010011110 49 16.6
1011111011 49 14.9
1111101011 49 11.6
1010111111 50 11.6
0110110111 50 11.6
1100001111 50 13.3
1110011110 50 13.3
1110001111 50 13.3
1100000100 50 13.3
0111111011 51 13.3
1011001101 52 16.6
1101011111 52 11.6
0001000000 52 11.6
1101011110 53 13.3
1110111110 53 13.3
1010101010 53 10.0
0000000100 53 11.6
1011111101 53 16.6
1110111010 53 11.6
1101101111 53 11.6
0010110111 54 13.3
0111011111 54 13.3
1111101101 54 13.3
1011011110 55 14.9
0111101111 56 11.6
1110111101 57 14.9
1110101111 57 13.3
1100100110 57 16.6
1111110001 57 11.6
0111111110 58 10.0
0000010000 59 10.0
1100000111 59 13.3
1111010111 59 13.3
1101111110 59 13.3
1011110111 59 14.9
0101111111 60 11.6
0111110111 60 13.3
1111011011 60 11.6
0010000000 60 11.6
1101111101 61 14.9
1111011101 62 11.6
1000001100 62 13.3
1111111001 64 11.6
1111110101 65 11.6
0000000010 67 11.6
1101110111 67 11.6
1110011111 68 13.3
1111100111 68 13.3
1011111110 68 13.3
0000001000 69 11.6
1110110111 70 10.0
0110111111 72 13.3
1111001110 74 13.3
1110111000 75 13.3
1100111111 75 13.3
1111111010 76 11.6
1111110110 78 13.3
1111101110 78 13.3
0000100000 80 10.0
1111011110 83 11.6
1111110000 84 10.0
1100001110 85 14.9
1111001111 88 13.3
0100000000 89 11.6
1100001100 89 14.9
1111000000 90 10.0
1001111111 92 11.6
1111100000 95 10.0
1111000110 95 14.9
1011011111 116 13.3
1111111000 117 10.0
0000011111 118 10.0
0000001111 122 10.0
1100000000 128 10.0
0000000111 129 10.0
1110000110 133 14.9
0000000011 136 10.0
0001111111 143 10.0
1110000000 144 10.0
0000111111 145 10.0
1111111100 173 10.0
1101111111 174 11.6
1000000000 193 8.3
0011111111 200 10.0
0000000001 209 8.3
1111111011 211 11.6
1111110111 217 11.6
1111011111 228 10.0
1100000110 232 14.9
1110111111 238 11.6
1111101111 239 10.0
1011111111 258 11.6
1111111101 264 11.6
0111111111 322 8.3
1111111110 579 8.3
0000000000 2642 3.3
1111111111 8876 3.3