010000010 1 15.8 15.8
001110110 1 14.3 14.3
010100000 1 11.1 11.1
000001000 1 11.1 11.1
110010100 1 12.7 12.7
000000001 1 7.9 7.9
100000010 1 12.7 12.7
101001110 1 15.8 15.8
000111100 1 12.7 12.7
000000111 1 9.5 9.5
010011100 1 14.3 14.3
111111110 1 7.9 7.9
000011101 1 14.3 14.3
001100100 1 14.3 14.3
111011111 1 11.1 11.1
000001110 1 11.1 11.1
000110100 1 12.7 12.7
000000010 2 11.1 11.1
000100000 2 11.1 11.1
100000000 3 7.9 7.9
010000000 3 11.1 11.1
001000000 3 11.1 11.1
111111111 3 3.2 3.2
000000000 687 3.2 3.2