110111110 1 12.7 12.7
001111001 1 14.3 14.3
011110000 1 11.1 11.1
000011010 1 14.3 14.3
100100100 1 11.1 11.1
000011001 1 14.3 14.3
010111010 1 12.7 12.7
100100111 1 14.3 14.3
010110111 1 11.1 11.1
010101110 1 12.7 12.7
000101101 1 14.3 14.3
011100111 1 12.7 12.7
010100000 1 11.1 11.1
010011000 1 14.3 14.3
010111111 1 11.1 11.1
110110000 1 12.7 12.7
100010010 1 14.3 14.3
101100101 1 15.8 15.8
100101111 1 14.3 14.3
110010111 1 14.3 14.3
011000011 1 14.3 14.3
011000000 1 11.1 11.1
010000011 1 14.3 14.3
001111011 1 12.7 12.7
000100010 1 11.1 11.1
111110101 1 11.1 11.1
100111010 1 15.8 15.8
111000001 1 11.1 11.1
001010101 1 9.5 9.5
000101111 1 12.7 12.7
011101010 1 12.7 12.7
001101101 1 12.7 12.7
100010111 1 14.3 14.3
110100001 1 12.7 12.7
110011010 1 15.8 15.8
100111110 1 12.7 12.7
100011100 1 14.3 14.3
000010111 1 12.7 12.7
001010000 1 11.1 11.1
110100000 1 11.1 11.1
100101100 1 15.8 15.8
001101001 1 15.8 15.8
000101001 1 14.3 14.3
000000010 1 11.1 11.1
110000111 1 12.7 12.7
000010001 1 11.1 11.1
101001110 1 15.8 15.8
101001001 1 12.7 12.7
110010010 1 12.7 12.7
110010110 1 15.8 15.8
001010011 1 12.7 12.7
010000001 1 12.7 12.7
111111010 1 11.1 11.1
100010001 1 12.7 12.7
011011000 1 14.3 14.3
111010010 1 14.3 14.3
100001011 1 12.7 12.7
110000001 1 11.1 11.1
011110100 1 12.7 12.7
001100001 1 12.7 12.7
000100110 1 14.3 14.3
000101100 1 14.3 14.3
110111101 1 14.3 14.3
001001100 1 14.3 14.3
111000010 1 14.3 14.3
101100010 1 15.8 15.8
000101010 1 11.1 11.1
000111011 1 14.3 14.3
101110010 1 15.8 15.8
100100110 1 15.8 15.8
000001101 1 14.3 14.3
010111100 1 14.3 14.3
101110001 1 15.8 15.8
000101000 1 12.7 12.7
110011000 1 12.7 12.7
001011011 1 12.7 12.7
111010000 1 12.7 12.7
100101001 1 15.8 15.8
011001110 1 14.3 14.3
101000011 1 14.3 14.3
000011011 1 12.7 12.7
001100000 1 12.7 12.7
001000100 1 12.7 12.7
100011101 1 15.8 15.8
100101101 1 15.8 15.8
111010111 1 12.7 12.7
001101100 1 12.7 12.7
001010111 1 11.1 11.1
100001000 1 12.7 12.7
101011101 1 14.3 14.3
101101011 1 14.3 14.3
101111100 1 14.3 14.3
100110000 1 14.3 14.3
001101111 1 12.7 12.7
110100100 1 12.7 12.7
100000100 1 12.7 12.7
111110010 1 14.3 14.3
100011010 1 15.8 15.8
011010000 1 14.3 14.3
000001000 1 11.1 11.1
111010001 1 14.3 14.3
100100010 1 14.3 14.3
010111001 1 15.8 15.8
100101010 1 12.7 12.7
011010111 1 14.3 14.3
101001000 1 11.1 11.1
101011011 1 12.7 12.7
001100100 1 14.3 14.3
001010001 1 12.7 12.7
101101010 1 14.3 14.3
100001100 1 12.7 12.7
001110011 1 12.7 12.7
111101010 1 11.1 11.1
001001101 1 14.3 14.3
011001001 1 15.8 15.8
101010100 1 9.5 9.5
001011101 1 14.3 14.3
000001010 1 11.1 11.1
011111100 1 11.1 11.1
101001100 1 15.8 15.8
001000011 1 12.7 12.7
001011010 1 12.7 12.7
010001011 1 14.3 14.3
110001100 1 12.7 12.7
100001110 1 12.7 12.7
011110010 1 14.3 14.3
111100010 1 14.3 14.3
000111101 1 14.3 14.3
100111100 1 14.3 14.3
011101111 1 11.1 11.1
011011100 1 14.3 14.3
111001010 1 14.3 14.3
011001100 1 12.7 12.7
011000110 1 15.8 15.8
101011100 1 12.7 12.7
010010110 1 15.8 15.8
011111101 1 12.7 12.7
111000110 1 14.3 14.3
100010000 1 11.1 11.1
010001111 1 14.3 14.3
001010100 1 9.5 9.5
100011000 1 12.7 12.7
001000111 1 14.3 14.3
110100111 1 12.7 12.7
111000011 1 12.7 12.7
001111101 1 14.3 14.3
001001111 1 12.7 12.7
101101111 1 12.7 12.7
000110010 1 14.3 14.3
111100100 1 12.7 12.7
111010100 1 11.1 11.1
101100111 1 14.3 14.3
101010110 1 12.7 12.7
101101001 1 15.8 15.8
100101011 1 12.7 12.7
000111010 1 14.3 14.3
111000100 1 14.3 14.3
101111101 1 15.8 15.8
001110001 1 14.3 14.3
010010001 1 14.3 14.3
011110110 1 14.3 14.3
011010011 1 15.8 15.8
101001111 1 14.3 14.3
110011101 1 14.3 14.3
000001011 1 11.1 11.1
011100100 1 14.3 14.3
001110101 1 12.7 12.7
100000011 1 11.1 11.1
111110111 1 11.1 11.1
100011011 1 14.3 14.3
000011100 2 12.7 12.7
010111011 2 12.7 12.7
100000101 2 12.7 12.7
001001110 2 14.3 14.3
101111000 2 14.3 14.3
011100000 2 11.1 11.1
101010001 2 12.7 12.7
000110110 2 14.3 14.3
001000010 2 14.3 14.3
011111001 2 12.7 12.7
100010100 2 12.7 12.7
010011001 2 14.3 14.3
101001101 2 15.8 15.8
111100111 2 12.7 12.7
010100011 2 12.7 12.7
100010110 2 15.8 15.8
111111000 2 9.5 9.5
101110110 2 14.3 14.3
001110110 2 14.3 14.3
000000101 2 11.1 11.1
111110011 2 12.7 12.7
011101110 2 12.7 12.7
110011100 2 12.7 12.7
110110011 2 14.3 14.3
111001101 2 14.3 14.3
000111111 2 9.5 9.5
000000110 2 11.1 11.1
111100001 2 11.1 11.1
110100010 2 14.3 14.3
100100001 2 14.3 14.3
101100001 2 14.3 14.3
011000111 2 14.3 14.3
100111111 2 11.1 11.1
111101110 2 11.1 11.1
000011101 2 14.3 14.3
000100001 2 12.7 12.7
110110111 2 9.5 9.5
000001100 2 12.7 12.7
101111011 2 14.3 14.3
001101110 2 14.3 14.3
111101101 2 12.7 12.7
100110100 2 14.3 14.3
101110101 2 14.3 14.3
101000101 2 12.7 12.7
001000001 2 12.7 12.7
000011000 2 12.7 12.7
011000101 2 15.8 15.8
101100100 2 14.3 14.3
110010000 2 12.7 12.7
111100011 2 12.7 12.7
110110100 2 12.7 12.7
110001101 2 14.3 14.3
010010000 2 12.7 12.7
011100011 2 14.3 14.3
101011110 2 12.7 12.7
101110000 2 14.3 14.3
101110100 2 14.3 14.3
111110110 2 12.7 12.7
011010110 2 15.8 15.8
001001011 2 12.7 12.7
000000100 2 11.1 11.1
001111110 2 11.1 11.1
000110001 2 12.7 12.7
010000100 2 14.3 14.3
111101100 2 12.7 12.7
000010010 2 12.7 12.7
111100110 2 14.3 14.3
100110101 2 15.8 15.8
001110111 2 11.1 11.1
100111101 2 15.8 15.8
100011110 2 12.7 12.7
001111000 2 12.7 12.7
110111001 2 15.8 15.8
010001010 2 14.3 14.3
101000111 2 14.3 14.3
001100010 2 14.3 14.3
000110111 2 12.7 12.7
011110111 2 12.7 12.7
100011111 2 11.1 11.1
000010110 2 14.3 14.3
000001110 2 11.1 11.1
110111011 2 12.7 12.7
001101010 2 12.7 12.7
100001101 2 14.3 14.3
101111001 2 15.8 15.8
110111111 2 11.1 11.1
011100001 2 12.7 12.7
110001111 2 12.7 12.7
110011110 2 12.7 12.7
010010100 2 14.3 14.3
100100000 3 12.7 12.7
110000000 3 9.5 9.5
101100000 3 14.3 14.3
110110101 3 12.7 12.7
001111100 3 12.7 12.7
010011011 3 14.3 14.3
100110010 3 14.3 14.3
100000110 3 12.7 12.7
110010101 3 12.7 12.7
110010100 3 12.7 12.7
101100110 3 14.3 14.3
011101100 3 14.3 14.3
111101000 3 12.7 12.7
000111110 3 11.1 11.1
010011111 3 14.3 14.3
100001111 3 11.1 11.1
011100110 3 14.3 14.3
101011010 3 12.7 12.7
101000100 3 12.7 12.7
010000000 3 11.1 11.1
110000010 3 14.3 14.3
011110101 3 12.7 12.7
011111110 3 9.5 9.5
000111000 3 12.7 12.7
111110100 3 11.1 11.1
000011110 3 11.1 11.1
000100101 3 11.1 11.1
101111111 3 11.1 11.1
010100111 3 14.3 14.3
110111000 3 14.3 14.3
110101111 3 11.1 11.1
110000011 3 12.7 12.7
111100101 3 14.3 14.3
110101011 3 9.5 9.5
111101011 3 11.1 11.1
001011100 3 12.7 12.7
110000101 3 14.3 14.3
101011111 3 11.1 11.1
000010100 3 11.1 11.1
101101101 3 12.7 12.7
010011100 3 14.3 14.3
010000111 3 14.3 14.3
011111011 3 12.7 12.7
101101100 3 12.7 12.7
110001011 3 12.7 12.7
100000010 3 12.7 12.7
101111110 3 12.7 12.7
100010011 3 14.3 14.3
000110000 3 12.7 12.7
111111101 3 11.1 11.1
111011010 3 11.1 11.1
100110001 4 14.3 14.3
110011111 4 12.7 12.7
001001001 4 11.1 11.1
100010101 4 12.7 12.7
010101011 4 9.5 9.5
111001011 4 12.7 12.7
100000111 4 11.1 11.1
000000011 4 9.5 9.5
011001111 4 14.3 14.3
110001001 4 14.3 14.3
011011111 4 12.7 12.7
000001111 4 9.5 9.5
000000001 4 7.9 7.9
101000000 4 11.1 11.1
010111110 4 12.7 12.7
100000000 4 7.9 7.9
111000101 4 14.3 14.3
011110001 5 12.7 12.7
101101110 5 14.3 14.3
000000111 5 9.5 9.5
001111111 5 9.5 9.5
101110011 5 14.3 14.3
111000000 5 9.5 9.5
000010011 5 12.7 12.7
111001111 5 12.7 12.7
111111011 5 11.1 11.1
111011011 5 9.5 9.5
111111100 5 9.5 9.5
111001001 5 14.3 14.3
111110000 6 9.5 9.5
111011001 6 14.3 14.3
000000000 6 3.2 3.2
111110001 6 11.1 11.1
111011111 6 11.1 11.1
111011000 6 12.7 12.7
111101111 7 9.5 9.5
111100000 7 9.5 9.5
101001010 7 12.7 12.7
011111111 7 7.9 7.9
111111110 8 7.9 7.9
111111001 8 11.1 11.1
111111111 9 3.2 3.2